N,133,78
N,198,130
N,231,2
N,419,345
N,61,352
N,350,216
N,82,26
N,100,61
N,397,160
N,224,374
N,224,292
N,63,54
N,457,261
N,372,446
N,26,361
N,281,40
N,225,479
N,391,208
N,431,64
N,110,189
N,314,21
N,358,174
N,278,385
N,407,336
N,228,122
N,435,261
N,315,96
N,111,147
N,494,13
N,164,46
N,303,425
N,128,335
N,211,249
N,320,52
N,203,286
N,15,407
N,430,374
N,129,115
N,192,289
N,479,447
N,100,136
N,202,289
N,11,497
N,262,313
N,97,314
N,487,51
N,345,155
N,479,182
N,154,423
N,26,286
N,128,376
N,26,336
N,223,348
N,257,92
N,242,87
N,480,432
N,89,308
N,30,454
N,80,277
N,160,484
N,392,113
N,106,315
N,68,285
N,374,431
N,483,439
N,221,252
N,460,453
N,244,403
N,40,11
N,399,282
N,344,345
N,46,419
N,17,480
N,442,47
N,350,305
N,145,432
N,469,131
N,487,29
N,79,105
N,364,61
N,477,355
N,431,191
N,136,185
N,151,380
N,448,249
N,136,240
N,95,194
N,297,331
N,429,172
N,311,226
N,406,404
N,472,250
N,492,406
N,270,499
N,53,342
N,485,125
N,300,85
N,374,354
N,252,62
N,211,83
N,24,304
N,40,452
N,51,233
N,409,476
N,276,480
N,65,142
N,425,68
N,468,493
N,226,137
N,371,26
N,314,13
N,495,257
N,397,301
N,246,207
N,496,227
N,33,454
N,481,15
N,0,20
N,320,182
N,338,286
N,178,306
N,135,217
N,9,151
N,121,108
N,382,364
N,237,230
N,55,225
N,166,156
N,333,180
N,429,342
N,211,170
N,488,440
N,351,117
N,308,497
N,132,53
N,498,349
N,487,224
N,380,395
N,303,158
N,357,187
N,87,326
N,478,230
N,233,291
N,481,102
N,346,406
N,258,499
N,324,47
N,464,1
N,104,339
N,215,369
N,307,77
N,353,370
N,249,240
N,81,137
N,210,5
N,483,350
N,274,179
N,328,329
N,121,350
N,467,146
N,47,291
N,316,101
N,258,100
N,35,426
N,481,92
N,16,155
N,350,161
N,319,437
N,152,342
N,293,303
N,15,471
N,29,110
N,62,167
N,450,448
N,87,328
N,7,490
N,137,417
N,347,28
N,39,164
N,127,334
N,311,352
N,332,260
N,228,219
N,239,78
N,101,492
N,47,310
N,129,83
N,128,400
N,190,159
N,276,218
N,25,160
N,418,436
N,34,361
N,270,205
N,159,316
N,233,310
N,121,403
N,53,287
N,45,251
N,146,53
N,356,410
N,232,21
N,356,422
N,491,172
N,449,203
N,388,297
N,440,376
N,106,314
N,133,191
N,63,329
N,242,132
N,79,394
N,427,90
N,338,342
N,69,35
N,175,36
N,348,59
N,416,119
N,29,144
N,321,319
N,454,155
N,499,364
N,28,208
N,417,297
N,202,258
N,469,395
N,18,341
N,249,336
N,388,221
N,244,7
N,349,354
N,133,51
N,239,350
N,154,221
N,212,401
N,291,351
N,495,215
N,300,59
N,230,39
N,258,481
N,117,336
N,286,394
N,162,218
N,494,372
N,31,117
N,338,392
N,373,89
N,240,492
N,430,108
N,304,22
N,79,383
N,89,9
N,476,498
N,489,269
N,484,425
N,373,203
N,21,413
N,171,131
N,79,209
N,290,90
N,314,152
N,312,11
N,264,348
N,428,31
N,416,80
N,69,293
N,118,189
N,99,340
N,457,188
N,412,268
N,15,98
N,85,196
N,462,265
N,59,199
N,91,393
N,96,30
N,483,286
N,124,147
N,180,224
N,495,480
N,145,489
N,74,251
N,176,280
N,460,7
N,378,372
N,194,299
N,357,7
N,416,260
N,68,387
N,10,451
N,225,333
N,137,5
N,16,70
N,128,449
N,129,44
N,134,429
N,16,166
N,152,10
N,470,425
N,158,365
E,160,484,350,161
E,274,179,481,92
E,303,425,286,394
E,29,110,133,51
E,468,493,457,188
E,128,335,346,406
E,418,436,180,224
E,311,226,239,350
E,226,137,121,350
E,388,297,499,364
E,228,122,118,189
E,278,385,324,47
E,397,160,28,208
E,399,282,476,498
E,348,59,194,299
E,315,96,233,291
E,278,385,154,423
E,121,108,128,400
E,117,336,314,152
E,435,261,488,440
E,133,78,382,364
E,232,21,59,199
E,382,364,321,319
E,483,350,145,489
E,338,286,79,383
E,427,90,134,429
E,346,406,481,92
E,496,227,333,180
E,491,172,18,341
E,397,160,215,369
E,68,285,51,233
E,190,159,137,5
E,53,342,215,369
E,100,136,39,164
E,47,291,21,413
E,346,406,232,21
E,427,90,137,5
E,231,2,483,439
E,498,349,53,287
E,237,230,449,203
E,257,92,496,227
E,133,78,128,449
E,468,493,15,471
E,212,401,290,90
E,15,471,258,481
E,392,113,87,328
E,221,252,346,406
E,488,440,481,102
E,39,164,69,293
E,278,385,416,119
E,478,230,470,425
E,89,308,412,268
E,469,395,244,7
E,412,268,16,166
E,162,218,412,268
E,61,352,16,155
E,487,51,290,90
E,164,46,91,393
E,278,385,450,448
E,18,341,145,489
E,430,374,40,11
E,388,221,176,280
E,472,250,59,199
E,303,425,239,78
E,68,285,166,156
E,372,446,249,336
E,111,147,481,92
E,350,161,171,131
E,224,374,136,185
E,478,230,450,448
E,293,303,62,167
E,136,240,24,304
E,489,269,68,387
E,476,498,462,265
E,246,207,91,393
E,460,453,276,480
E,26,361,239,78
E,297,331,338,342
E,24,304,190,159
E,17,480,228,219
E,53,287,356,410
E,132,53,180,224
E,412,268,176,280
E,258,100,59,199
E,391,208,373,89
E,0,20,353,370
E,223,348,160,484
E,498,349,291,351
E,281,40,79,383
E,210,5,7,490
E,45,251,314,152
E,303,425,242,132
E,479,447,374,431
E,480,432,33,454
E,203,286,353,370
E,338,342,416,80
E,226,137,53,287
E,349,354,79,383
E,110,189,136,185
E,496,227,464,1
E,418,436,427,90
E,346,406,47,291
E,460,453,117,336
E,320,52,146,53
E,111,147,152,10
E,65,142,291,351
E,224,292,314,21
E,467,146,91,393
E,211,83,24,304
E,25,160,416,80
E,79,105,232,21
E,270,205,79,383
E,175,36,286,394
E,270,205,457,188
E,97,314,40,452
E,128,376,448,249
E,65,142,121,350
E,111,147,338,342
E,129,83,356,410
E,89,308,332,260
E,97,314,228,219
E,278,385,31,117
E,278,385,492,406
E,40,452,276,480
E,106,315,128,449
E,344,345,351,117
E,252,62,40,452
E,25,160,128,449
E,81,137,430,108
E,419,345,427,90
E,35,426,356,410
E,380,395,230,39
E,146,53,63,329
E,431,64,303,158
E,226,137,137,417
E,303,425,499,364
E,223,348,489,269
E,224,292,264,348
E,159,316,233,310
E,244,403,495,257
E,89,308,79,209
E,59,199,152,10
E,7,490,96,30
E,211,170,152,342
E,224,292,104,339
E,319,437,89,9
E,133,78,82,26
E,0,20,469,395
E,314,21,239,350
E,25,160,158,365
E,392,113,244,403
E,374,354,293,303
E,399,282,469,131
E,242,132,249,336
E,416,119,154,221
E,454,155,489,269
E,26,336,481,15
E,15,471,162,218
E,308,497,225,333
E,25,160,212,401
E,380,395,460,7
E,53,342,134,429
E,442,47,264,348
E,477,355,307,77
E,276,218,21,413
E,91,393,194,299
E,135,217,10,451
E,492,406,316,101
E,211,83,211,170
E,104,339,307,77
E,26,336,180,224
E,338,286,237,230
E,417,297,96,30
E,26,336,135,217
E,467,146,79,383
E,224,292,59,199
E,63,54,118,189
E,270,499,440,376
E,95,194,0,20
E,128,335,297,331
E,429,172,476,498
E,160,484,290,90
E,192,289,53,342
E,211,249,117,336
E,61,352,226,137
E,30,454,176,280
E,87,326,137,417
E,202,289,239,350
E,244,403,34,361
E,460,453,311,226
E,350,305,10,451
E,231,2,348,59
E,485,125,417,297
E,82,26,252,62
E,237,230,215,369
E,24,304,417,297
E,257,92,225,333
E,315,96,320,52
E,11,497,136,240
E,487,51,460,453
E,9,151,476,498
E,350,216,311,226
E,469,131,347,28
E,350,216,496,227
E,311,226,89,9
E,239,350,416,260
E,397,160,470,425
E,24,304,28,208
E,11,497,270,205
E,89,308,137,5
E,215,369,145,489
E,442,47,314,13
E,39,164,373,89
E,26,361,106,314
E,224,374,33,454
E,276,480,320,182
E,315,96,180,224
E,258,481,158,365
E,350,305,487,29
E,0,20,202,258
E,281,40,435,261
E,47,310,63,329
E,110,189,399,282
E,391,208,416,80
E,35,426,311,352
E,350,216,65,142
E,345,155,40,452
E,211,83,290,90
E,225,479,121,403
E,135,217,467,146
E,491,172,338,392
E,129,115,397,301
E,226,137,397,301
E,300,85,409,476
E,479,447,417,297
E,431,191,96,30
E,349,354,158,365
E,344,345,244,7
E,448,249,276,480
E,429,172,425,68
E,430,374,9,151
E,492,406,293,303
E,246,207,79,383
E,478,230,291,351
E,487,51,89,308
E,270,499,154,221
E,487,29,233,291
E,225,479,293,303
E,40,11,472,250
E,320,182,129,44
E,0,20,478,230
E,63,54,374,431
E,371,26,314,13
E,237,230,133,51
E,397,160,53,287
E,225,479,91,393
E,16,155,244,7
E,311,352,158,365
E,328,329,21,413
E,95,194,412,268
E,258,100,258,481
E,61,352,409,476
E,303,158,307,77
E,15,407,274,179
E,18,341,494,372
E,47,310,314,152
E,221,252,477,355
E,300,85,314,13
E,399,282,382,364
E,154,221,304,22
E,104,339,159,316
E,164,46,239,350
E,307,77,134,429
E,53,287,28,208
E,278,385,477,355
E,225,479,468,493
E,231,2,382,364
E,252,62,166,156
E,96,30,145,489
E,351,117,101,492
E,26,361,129,83
E,303,158,499,364
E,198,130,9,151
E,397,160,338,392
E,121,403,291,351
E,215,369,388,221
E,344,345,484,425
E,26,336,212,401
E,79,209,91,393
E,82,26,488,440
E,68,285,373,89
E,210,5,137,417
E,154,423,293,303
E,478,230,21,413
E,240,492,194,299
E,242,87,47,291
E,494,13,221,252
E,211,83,145,489
E,449,203,230,39
E,481,92,349,354
E,47,310,232,21
E,276,480,121,403
E,484,425,314,152
E,135,217,152,10
E,237,230,328,329
E,226,137,346,406
E,246,207,498,349
E,154,221,300,59
E,28,208,85,196
E,79,394,494,372
E,380,395,239,78
E,211,170,16,70
E,239,78,118,189
E,89,308,333,180
E,194,299,129,44
E,211,249,440,376
E,233,291,176,280
E,192,289,291,351
E,45,251,91,393
E,351,117,356,422
E,246,207,454,155
E,51,233,380,395
E,303,425,382,364
E,136,185,304,22
E,26,336,24,304
E,357,187,16,166
E,372,446,495,480
E,391,208,106,314
E,399,282,276,218
E,442,47,74,251
E,311,352,154,221
E,374,431,104,339
E,311,226,59,199
E,483,350,15,471
E,320,182,483,350
E,350,161,16,166
E,264,348,85,196
E,382,364,357,187
E,442,47,468,493
E,51,233,7,490
E,111,147,492,406
E,224,374,428,31
E,17,480,137,5
E,478,230,430,108
E,224,374,137,417
E,333,180,104,339
E,262,313,79,105
E,374,354,81,137
E,372,446,128,376
E,314,21,321,319
E,484,425,176,280
E,137,417,34,361
E,46,419,462,265
E,281,40,95,194
E,460,453,388,297
E,233,291,117,336
E,487,29,190,159
E,249,240,159,316
E,79,105,347,28
E,46,419,16,155
E,55,225,303,158
E,128,376,406,404
E,480,432,121,403
E,129,83,349,354
E,151,380,166,156
E,495,257,15,98
E,448,249,74,251
E,104,339,154,221
E,129,115,228,219
E,320,52,176,280
E,373,203,428,31
E,40,452,34,361
E,97,314,464,1
E,99,340,460,7
E,28,208,258,481
E,24,304,450,448
E,231,2,244,403
E,391,208,345,155
E,160,484,440,376
E,487,51,311,352
E,224,374,10,451
E,409,476,476,498
E,133,51,152,10
E,82,26,128,400
E,308,497,418,436
E,106,314,416,119
E,499,364,264,348
E,233,310,338,392
E,100,61,378,372
E,225,479,137,5
E,487,51,483,439
E,321,319,286,394
E,106,315,290,90
E,252,62,211,170
E,9,151,211,170
E,25,160,286,394
E,203,286,40,11
E,314,21,79,209
E,357,187,460,7
E,79,105,137,5
E,419,345,111,147
E,40,11,0,20
E,314,21,202,289
E,136,185,240,492
E,252,62,152,10
E,136,240,53,287
E,133,191,483,286
E,397,301,68,387
E,416,80,457,188
E,26,361,16,166
E,419,345,237,230
E,430,374,62,167
E,95,194,99,340
E,350,161,304,22
E,59,199,483,286
E,211,83,373,89
E,87,326,373,203
E,128,335,373,89
E,47,310,249,336
E,320,52,106,315
E,425,68,69,35
E,481,102,59,199
E,232,21,258,481
E,442,47,226,137
E,79,383,373,203
E,487,224,134,429
E,430,108,171,131
E,16,155,264,348
E,487,51,106,315
E,128,400,225,333
E,164,46,230,39
E,308,497,357,187
E,481,92,162,218
E,406,404,202,258
E,154,423,240,492
E,26,336,320,182
E,257,92,80,277
E,488,440,158,365
E,462,265,16,70
E,320,182,134,429
E,472,250,62,167
E,244,403,225,333
E,311,226,290,90
E,233,291,124,147
E,244,403,409,476
E,391,208,211,170
E,258,499,291,351
E,249,240,449,203
E,320,52,244,7
E,351,117,146,53
E,110,189,87,328
E,61,352,350,216
E,244,403,450,448
E,481,15,356,422
E,314,21,51,233
E,388,297,152,10
E,315,96,382,364
E,29,110,495,215
E,133,78,286,394
E,133,78,224,374
E,435,261,65,142
E,203,286,416,119
E,380,395,228,219
E,344,345,29,110
E,97,314,15,98
E,237,230,440,376
E,104,339,440,376
E,192,289,308,497
E,129,115,382,364
E,9,151,484,425
E,26,286,160,484
E,47,310,69,293
E,135,217,85,196
E,203,286,357,187
E,211,249,89,308
E,350,161,69,35
E,496,227,145,489
E,244,403,31,117
E,178,306,132,53
E,101,492,418,436
E,314,21,332,260
E,351,117,16,166
E,154,423,87,328
E,128,335,258,499
E,431,191,137,5
E,82,26,347,28
E,348,59,484,425
E,128,400,85,196
E,347,28,264,348
E,15,407,63,329
E,303,158,190,159
E,448,249,158,365
E,257,92,338,392
E,0,20,249,240
E,35,426,74,251
E,87,328,212,401
E,350,216,175,36
E,332,260,338,392
E,353,370,293,303
E,372,446,128,400
E,24,304,135,217
E,35,426,145,489
E,226,137,79,209
E,489,269,118,189
E,333,180,293,303
E,315,96,62,167
E,425,68,239,78
E,308,497,29,144
E,496,227,133,191
E,100,61,80,277
E,333,180,476,498
E,87,326,29,144
E,47,291,491,172
E,350,216,371,26
E,40,452,460,7
E,276,480,134,429
E,35,426,276,218
E,136,185,264,348
E,128,335,223,348
E,29,110,176,280
E,489,269,15,98
E,314,21,215,369
E,11,497,79,209
E,215,369,499,364
E,11,497,10,451
E,239,78,428,31
E,228,122,406,404
E,30,454,324,47
E,211,170,47,310
E,198,130,358,174
E,487,29,121,350
E,397,160,63,54
E,242,87,30,454
E,320,182,16,70
E,192,289,495,215
E,409,476,104,339
E,135,217,79,394
E,34,361,118,189
E,239,78,89,9
E,428,31,416,260
E,231,2,346,406
E,416,119,202,258
E,469,131,137,417
E,40,452,39,164
E,477,355,483,286
E,79,105,431,191
E,62,167,378,372
E,178,306,210,5
E,483,350,349,354
E,258,499,332,260
E,431,64,350,161
E,87,326,118,189
E,46,419,321,319
E,417,297,428,31
E,15,471,418,436
E,356,410,133,51
E,145,432,258,481
E,262,313,440,376
E,29,110,133,191
E,494,13,89,9
E,239,350,16,70
E,101,492,118,189
E,315,96,95,194
E,276,480,232,21
E,26,361,101,492
E,221,252,96,30
E,110,189,230,39
E,154,423,258,100
E,308,497,175,36
E,448,249,346,406
E,128,400,290,90
E,276,480,430,108
E,223,348,264,348
E,499,364,304,22
E,315,96,136,185
E,435,261,16,155
E,133,191,162,218
E,281,40,33,454
E,61,352,308,497
E,24,304,249,336
E,244,403,159,316
E,483,439,428,31
E,303,425,87,328
E,198,130,416,80
E,418,436,96,30
E,26,361,69,293
E,476,498,412,268
E,17,480,319,437
E,311,226,212,401
E,224,292,9,151
E,350,305,129,83
E,481,102,85,196
E,246,207,31,117
E,320,52,203,286
E,11,497,129,44
E,203,286,132,53
E,202,289,31,117
E,215,369,45,251
E,26,336,350,161
E,215,369,462,265
E,154,423,15,98
E,314,21,212,401
E,190,159,233,310
E,154,423,29,144
E,442,47,311,352
E,495,215,286,394
E,320,182,16,155
E,192,289,210,5
E,351,117,162,218
E,431,191,233,291
E,215,369,412,268
E,164,46,59,199
E,46,419,96,30
E,17,480,124,147
E,314,13,373,89
E,483,350,494,372
E,291,351,15,98
E,89,9,373,203
E,350,216,467,146
E,382,364,450,448
E,15,407,80,277
E,35,426,137,417
E,203,286,371,26
E,320,52,264,348
E,237,230,104,339
E,101,492,290,90
E,416,80,462,265
E,128,335,121,108
E,24,304,416,260
E,315,96,276,218
E,202,289,154,423
E,308,497,291,351
E,198,130,160,484
E,151,380,276,218
E,110,189,129,83
E,35,426,171,131
E,154,423,35,426
E,40,452,276,218
E,212,401,378,372
E,100,61,51,233
E,80,277,246,207
E,53,342,293,303
E,350,305,9,151
E,487,29,440,376
E,211,170,21,413
E,258,499,427,90
E,154,423,160,484
E,117,336,484,425
E,110,189,350,305
E,211,170,338,342
E,128,376,128,449
E,87,326,89,9
E,481,15,132,53
E,293,303,300,59
E,15,407,249,336
E,480,432,350,161
E,135,217,233,310
E,392,113,237,230
E,397,301,357,7
E,350,305,462,265
E,270,205,16,166
E,210,5,416,119
E,431,64,457,188
E,358,174,132,53
E,231,2,244,7
E,293,303,158,365
E,53,287,416,119
E,303,425,223,348
E,46,419,373,89
E,15,471,314,152
E,448,249,481,92
E,300,59,428,31
E,460,453,129,83
E,128,335,28,208
E,211,249,128,376
E,373,203,79,209
E,464,1,276,218
E,26,286,454,155
E,26,336,312,11
E,124,147,152,10
E,11,497,152,342
E,132,53,104,339
E,242,87,91,393
E,430,374,39,164
E,448,249,249,240
E,53,342,481,92
E,39,164,427,90
E,63,329,29,144
E,346,406,137,417
E,53,342,350,161
E,203,286,104,339
E,33,454,47,291
E,278,385,276,480
E,332,260,416,260
E,62,167,416,80
E,328,329,85,196
E,151,380,357,187
E,129,44,16,166
E,274,179,15,98
E,171,131,85,196
E,81,137,63,329
E,399,282,166,156
E,374,431,476,498
E,382,364,137,5
E,494,13,154,423
E,224,292,240,492
E,81,137,15,471
E,311,352,129,83
E,419,345,9,151
E,483,439,286,394
E,246,207,239,78
E,0,20,171,131
E,95,194,311,226
E,429,342,162,218
E,228,219,69,293
E,333,180,228,219
E,65,142,15,471
E,15,407,258,481
E,428,31,176,280
E,494,13,10,451
E,203,286,136,185
E,338,342,417,297
E,350,216,462,265
E,81,137,79,209
E,258,499,454,155
E,164,46,180,224
E,151,380,320,182
E,39,164,53,287
E,39,164,495,215
E,133,78,233,291
E,192,289,338,392
E,382,364,356,410
E,382,364,79,394
E,357,187,233,310
E,104,339,121,350
E,106,315,85,196
E,356,422,118,189
E,11,497,74,251
E,481,92,304,22
E,228,122,479,447
E,21,413,129,44
E,82,26,34,361
E,228,122,244,403
E,487,51,210,5
E,321,319,469,395
E,87,326,158,365
E,154,221,428,31
E,100,61,17,480
E,79,209,412,268
E,28,208,416,260
E,391,208,210,5
E,315,96,244,7
E,137,417,31,117
E,328,329,47,291
E,192,289,286,394
E,373,203,137,5
E,358,174,62,167
E,121,350,495,480
E,407,336,40,452
E,136,240,133,191
E,320,52,258,100
E,419,345,464,1
E,358,174,128,335
E,34,361,28,208
E,478,230,104,339
E,480,432,128,400
E,344,345,483,350
E,136,185,158,365
E,69,35,460,7
E,62,167,121,403
E,223,348,118,189
E,17,480,16,70
E,80,277,374,354
E,104,339,129,44
E,348,59,21,413
E,290,90,483,286
E,240,492,495,480
E,388,297,128,449
E,211,170,230,39
E,262,313,210,5
E,190,159,258,481
E,425,68,416,80
E,228,122,477,355
E,202,289,356,422
E,87,326,239,350
E,136,185,311,352
E,11,497,16,70
E,121,108,180,224
E,483,350,440,376
E,202,289,194,299
E,135,217,357,7
E,100,136,240,492
E,374,354,328,329
E,487,29,18,341
E,15,407,457,188
E,435,261,481,102
E,232,21,180,224
E,26,286,121,403
E,26,336,99,340
E,483,350,175,36
E,136,185,316,101
E,345,155,136,240
E,281,40,338,286
E,40,452,146,53
E,382,364,190,159
E,364,61,249,240
E,315,96,328,329
E,417,297,357,7
E,242,87,498,349
E,106,315,246,207
E,358,174,99,340
E,87,328,388,221
E,11,497,416,260
E,388,221,290,90
E,324,47,388,297
E,164,46,212,401
E,9,151,129,44
E,345,155,364,61
E,442,47,136,185
E,211,83,242,132
E,31,117,176,280
E,304,22,137,5
E,33,454,412,268
E,202,289,106,314
E,328,329,316,101
E,314,13,324,47
E,136,240,311,352
E,231,2,276,480
E,121,350,7,490
E,276,480,249,240
E,68,285,159,316
E,128,376,417,297
E,228,122,274,179
E,435,261,392,113
E,127,334,338,392
E,380,395,416,119
E,430,374,338,392
E,392,113,374,431
E,495,257,29,144
E,51,233,454,155
E,320,182,21,413
E,79,209,312,11
E,406,404,7,490
E,476,498,416,80
E,224,374,457,261
E,225,479,278,385
E,231,2,257,92
E,397,301,121,350
E,347,28,85,196
E,10,451,129,44
E,106,315,29,110
E,202,289,349,354
E,111,147,442,47
E,315,96,230,39
E,69,293,180,224
E,106,315,249,336
E,270,499,249,336
E,33,454,137,5
E,129,115,176,280
E,100,136,128,449
E,378,372,470,425
E,425,68,31,117
E,231,2,353,370
E,40,452,69,293
E,382,364,118,189
E,81,137,117,336
E,425,68,428,31
E,258,100,190,159
E,316,101,356,410
E,440,376,129,44
E,388,297,258,481
E,488,440,212,401
E,345,155,476,498
E,55,225,356,422
E,47,291,202,258
E,409,476,304,22
E,11,497,151,380
E,440,376,373,89
E,358,174,239,350
E,314,13,225,333
E,357,187,457,188
E,164,46,10,451
E,450,448,349,354
E,262,313,374,431
E,221,252,338,286
E,264,348,225,333
E,477,355,349,354
E,79,105,488,440
E,231,2,203,286
E,145,432,249,336
E,300,59,416,260
E,55,225,428,31
E,61,352,291,351
E,358,174,69,293
E,80,277,16,166
E,454,155,117,336
E,62,167,460,7
E,231,2,166,156
E,479,447,127,334
E,483,439,91,393
E,129,115,80,277
E,15,471,417,297
E,397,301,132,53
E,435,261,457,188
E,430,374,87,328
E,494,13,481,15
E,460,453,68,387
E,15,471,128,449
E,350,216,477,355
E,15,471,499,364
E,80,277,416,260
E,270,499,16,70
E,457,261,25,160
E,392,113,7,490
E,211,249,128,400
E,258,100,162,218
E,97,314,89,308
E,483,439,430,108
E,129,115,252,62
E,225,479,9,151
E,95,194,440,376
E,391,208,353,370
E,320,182,69,293
E,233,291,430,108
E,353,370,440,376
E,26,361,344,345
E,338,286,478,230
E,349,354,312,11
E,487,29,62,167
E,242,87,233,310
E,35,426,449,203
E,344,345,258,499
E,435,261,427,90
E,303,425,311,226
E,388,297,373,89
E,211,83,356,410
E,351,117,388,221
E,347,28,290,90
E,51,233,291,351
E,487,29,55,225
E,62,167,152,10
E,460,453,154,221
E,350,161,79,394
E,17,480,101,492
E,51,233,353,370
E,63,54,417,297
E,307,77,91,393
E,164,46,0,20
E,224,374,487,224
E,407,336,252,62
E,419,345,26,336
E,35,426,373,89
E,297,331,59,199
E,397,160,430,108
E,159,316,74,251
E,34,361,244,7
E,479,182,351,117
E,26,361,488,440
E,442,47,462,265
E,128,376,46,419
E,25,160,244,7
E,338,392,304,22
E,257,92,314,152
E,406,404,484,425
E,127,334,129,83
E,492,406,409,476
E,242,87,347,28
E,297,331,0,20
E,15,407,338,342
E,232,21,225,333
E,496,227,16,70
E,409,476,338,286
E,257,92,290,90
E,0,20,62,167
E,487,51,47,291
E,95,194,428,31
E,297,331,460,7
E,347,28,449,203
E,110,189,46,419
E,492,406,481,102
E,232,21,476,498
E,133,78,252,62
E,419,345,128,449
E,82,26,59,199
E,121,108,47,291
E,409,476,225,333
E,224,292,373,89
E,252,62,39,164
E,239,78,378,372
E,358,174,152,342
E,397,160,228,122
E,481,92,91,393
E,26,336,154,221
E,47,291,133,51
E,166,156,300,59
E,100,61,397,301
E,15,407,351,117
E,397,160,129,83
E,28,208,290,90
E,491,172,249,336
E,476,498,489,269
E,487,29,449,203
E,276,480,45,251
E,164,46,270,205
E,226,137,440,376
E,224,292,68,387
E,28,208,194,299
E,479,182,428,31
E,15,407,312,11
E,350,305,215,369
E,488,440,10,451
E,356,422,416,260
E,154,423,166,156
E,202,258,290,90
E,46,419,63,329
E,233,291,249,240
E,457,261,129,83
E,111,147,448,249
E,353,370,233,310
E,223,348,270,205
E,15,98,462,265
E,160,484,152,10
E,26,361,300,85
E,15,407,252,62
E,338,286,118,189
E,483,439,10,451
E,485,125,194,299
E,211,83,357,187
E,257,92,87,326
E,276,480,312,11
E,137,5,152,10
E,33,454,39,164
E,233,291,16,70
E,154,221,16,166
E,350,216,128,449
E,26,336,371,26
E,239,350,79,209
E,350,216,356,410
E,350,161,428,31
E,128,335,21,413
E,314,21,11,497
E,442,47,428,31
E,487,224,18,341
E,333,180,328,329
E,308,497,460,7
E,262,313,485,125
E,34,361,388,297
E,270,499,118,189
E,81,137,154,221
E,192,289,477,355
E,430,374,91,393
E,178,306,176,280
E,467,146,484,425
E,26,336,364,61
E,106,315,29,144
E,478,230,350,161
E,303,425,100,136
E,145,432,481,15
E,160,484,24,304
E,492,406,230,39
E,371,26,18,341
E,132,53,291,351
E,320,52,121,350
E,100,136,489,269
E,62,167,129,83
E,382,364,258,100
E,55,225,62,167
E,26,286,128,376
E,136,185,232,21
E,358,174,293,303
E,397,160,87,326
E,164,46,481,102
E,351,117,132,53
E,314,21,97,314
E,133,78,499,364
E,128,335,364,61
E,491,172,460,7
E,431,191,297,331
E,100,61,85,196
E,350,305,226,137
E,232,21,145,489
E,15,98,124,147
E,425,68,430,108
E,63,54,274,179
E,319,437,489,269
E,228,122,311,352
E,431,64,495,480
E,252,62,417,297
E,448,249,101,492
E,262,313,89,308
E,9,151,303,158
E,356,422,240,492
E,457,261,348,59
E,380,395,63,329
E,425,68,495,215
E,106,315,132,53
E,160,484,63,329
E,198,130,407,336
E,350,305,388,297
E,449,203,124,147
E,198,130,135,217
E,26,361,495,257
E,350,216,26,336
E,224,292,372,446
E,26,286,258,481
E,320,52,81,137
E,431,64,121,350
E,100,136,211,170
E,231,2,79,383
E,51,233,469,395
E,320,52,495,257
E,26,336,442,47
E,264,348,91,393
E,121,108,79,394
E,258,499,190,159
E,202,289,319,437
E,133,191,96,30
E,314,21,312,11
E,425,68,79,394
E,79,383,15,98
E,344,345,202,258
E,476,498,194,299
E,79,105,159,316
E,224,292,106,315
E,26,361,46,419
E,449,203,428,31
E,358,174,230,39
E,356,422,89,9
E,106,314,180,224
E,80,277,7,490
E,203,286,223,348
E,380,395,121,350
E,40,452,152,342
E,26,286,28,208
E,171,131,495,480
E,26,361,96,30
E,159,316,484,425
E,198,130,68,387
E,145,432,69,293
E,164,46,240,492
E,270,499,40,452
E,477,355,488,440
E,164,46,409,476
E,278,385,158,365
E,399,282,145,432
E,392,113,47,310
E,61,352,118,189
E,431,64,358,174
E,129,83,416,119
E,297,331,481,92
E,239,78,417,297
E,469,131,171,131
E,211,83,495,215
E,464,1,270,205
E,97,314,47,310
E,117,336,483,286
E,303,425,276,218
E,270,499,258,100
E,101,492,239,350
E,460,453,484,425
E,442,47,476,498
E,353,370,417,297
E,406,404,16,155
E,374,431,79,383
E,223,348,487,29
E,228,122,307,77
E,338,286,62,167
E,430,374,240,492
E,226,137,106,314
E,391,208,15,98
E,333,180,96,30
E,357,187,145,489
E,106,315,321,319
E,0,20,291,351
E,435,261,324,47
E,89,308,489,269
E,239,350,89,9
E,221,252,59,199
E,97,314,316,101
E,89,308,314,13
E,202,258,16,70
E,297,331,481,15
E,121,350,190,159
E,347,28,180,224
E,242,132,175,36
E,46,419,159,316
E,85,196,96,30
E,79,105,135,217
E,485,125,291,351
E,496,227,158,365
E,448,249,291,351
E,171,131,16,70
E,328,329,146,53
E,26,336,79,394
E,128,335,304,22
E,338,286,134,429
E,97,314,388,221
E,429,342,87,328
E,494,13,29,110
E,406,404,96,30
E,202,289,425,68
E,315,96,485,125
E,252,62,137,417
E,128,376,62,167
E,97,314,79,105
E,479,447,479,182
E,242,87,89,308
E,146,53,89,9
E,303,425,89,9
E,431,64,223,348
E,15,407,136,185
E,350,305,470,425
E,324,47,79,394
E,129,115,374,431
E,351,117,258,100
E,468,493,371,26
E,151,380,121,403
E,224,292,145,489
E,492,406,397,301
E,324,47,270,205
E,495,257,469,395
E,477,355,347,28
E,224,292,79,383
E,223,348,24,304
E,228,219,79,383
E,137,417,489,269
E,480,432,481,15
E,26,286,137,417
E,307,77,418,436
E,26,336,55,225
E,320,182,133,51
E,79,105,492,406
E,128,376,498,349
E,237,230,258,499
E,104,339,53,287
E,467,146,28,208
E,24,304,440,376
E,314,21,476,498
E,495,257,69,35
E,311,226,225,333
E,16,155,276,218
E,224,292,450,448
E,224,374,258,499
E,152,342,137,5
E,409,476,328,329
E,106,315,121,108
E,382,364,348,59
E,374,431,332,260
E,435,261,416,80
E,63,329,59,199
E,33,454,311,352
E,356,422,357,7
E,406,404,312,11
E,431,64,347,28
E,315,96,481,102
E,487,29,230,39
E,203,286,291,351
E,374,354,481,15
E,26,286,416,80
E,494,372,290,90
E,135,217,239,350
E,492,406,240,492
E,192,289,128,449
E,192,289,69,293
E,178,306,124,147
E,276,480,483,350
E,175,36,264,348
E,128,376,176,280
E,164,46,470,425
E,97,314,145,489
E,374,431,328,329
E,350,216,442,47
E,468,493,312,11
E,203,286,117,336
E,82,26,399,282
E,68,285,270,499
E,128,400,430,108
E,82,26,314,152
E,416,260,16,166
E,202,289,29,144
E,372,446,51,233
E,25,160,349,354
E,464,1,35,426
E,111,147,180,224
E,242,87,483,286
E,278,385,262,313
E,429,172,346,406
E,328,329,59,199
E,202,289,484,425
E,440,376,134,429
E,399,282,128,449
E,406,404,374,354
E,154,423,399,282
E,319,437,21,413
E,89,308,416,80
E,311,352,124,147
E,17,480,9,151
E,293,303,34,361
E,133,51,291,351
E,104,339,16,70
E,35,426,483,286
E,350,216,134,429
E,270,205,69,35
E,40,11,416,260
E,225,479,79,105
E,136,185,373,203
E,479,447,152,10
E,417,297,338,392
E,211,83,416,119
E,311,226,35,426
E,87,328,118,189
E,374,431,399,282
E,431,64,321,319
E,440,376,242,132
E,480,432,162,218
E,89,308,211,170
E,333,180,79,394
E,46,419,303,158
E,61,352,425,68
E,314,21,244,7
E,380,395,159,316
E,82,26,485,125
E,487,224,215,369
E,487,51,356,422
E,472,250,16,155
E,221,252,399,282
E,495,257,176,280
E,7,490,79,394
E,320,52,89,9
E,314,13,152,10
E,477,355,388,297
E,40,452,316,101
E,460,453,353,370
E,487,224,228,219
E,244,403,35,426
E,106,315,96,30
E,15,407,321,319
E,136,185,300,59
E,17,480,467,146
E,479,447,495,480
E,210,5,312,11
E,319,437,69,35
E,487,51,392,113
E,198,130,319,437
E,154,423,47,291
E,431,64,308,497
E,293,303,145,489
E,9,151,47,310
E,203,286,146,53
E,418,436,286,394
E,95,194,40,452
E,472,250,159,316
E,97,314,297,331
E,315,96,356,422
E,467,146,171,131
E,128,376,80,277
E,154,423,397,301
E,303,158,59,199
E,488,440,137,417
E,34,361,176,280
E,30,454,388,221
E,344,345,316,101
E,106,315,374,354
E,419,345,89,9
E,211,83,314,13
E,63,329,494,372
E,495,257,382,364
E,46,419,89,9
E,133,191,258,481
E,65,142,180,224
E,351,117,25,160
E,481,102,462,265
E,487,29,324,47
E,499,364,79,209
E,33,454,239,350
E,16,155,460,7
E,357,7,158,365
E,223,348,16,70
E,307,77,145,489
E,121,108,239,350
E,457,261,55,225
E,164,46,374,431
E,240,492,79,209
E,350,216,21,413
E,270,499,316,101
E,345,155,26,336
E,351,117,87,326
E,26,286,133,51
E,448,249,472,250
E,481,15,128,449
E,344,345,373,203
E,409,476,371,26
E,129,115,15,471
E,333,180,290,90
E,429,172,145,489
E,202,258,145,489
E,495,257,166,156
E,483,439,252,62
E,68,285,136,185
E,89,308,35,426
E,249,240,128,449
E,16,155,249,336
E,481,102,378,372
E,303,425,300,59
E,95,194,470,425
E,121,108,166,156
E,358,174,124,147
E,159,316,286,394
E,224,374,427,90
E,487,51,24,304
E,429,172,348,59
E,81,137,356,410
E,487,29,136,240
E,430,374,409,476
E,483,439,307,77
E,51,233,450,448
E,47,310,304,22
E,316,101,469,395
E,409,476,212,401
E,487,51,137,417
E,61,352,202,258
E,81,137,293,303
E,469,131,429,342
E,101,492,175,36
E,244,403,145,489
E,65,142,158,365
E,464,1,175,36
E,314,21,152,342
E,303,425,470,425
E,388,221,171,131
E,320,52,145,489
E,211,170,293,303
E,111,147,233,291
E,314,21,151,380
E,478,230,494,372
E,18,341,16,70
E,30,454,80,277
E,488,440,16,70
E,281,40,448,249
E,270,205,121,403
E,364,61,104,339
E,416,119,240,492
E,412,268,145,489
E,495,215,264,348
E,28,208,225,333
E,89,308,134,429
E,225,479,496,227
E,496,227,25,160
E,242,132,230,39
E,311,352,449,203
E,278,385,481,92
E,481,92,128,449
E,350,161,300,59
E,262,313,53,342
E,237,230,129,44
E,30,454,462,265
E,231,2,264,348
E,11,497,244,403
E,460,453,496,227
E,350,216,136,240
E,160,484,427,90
E,481,102,328,329
E,481,102,117,336
E,61,352,69,35
E,328,329,69,35
E,244,403,300,59
E,429,172,233,310
E,483,439,399,282
E,136,240,79,209
E,128,335,252,62
E,53,342,79,394
E,371,26,171,131
E,364,61,457,188
E,307,77,175,36
E,154,423,409,476
E,59,199,74,251
E,110,189,136,240
E,487,29,492,406
E,498,349,457,188
E,211,249,449,203
E,221,252,481,15
E,469,131,176,280
E,198,130,211,170
E,129,115,314,13
E,18,341,300,59
E,244,403,136,185
E,225,479,134,429
E,65,142,79,209
E,15,407,374,431
E,28,208,357,7
E,303,425,121,350
E,79,394,117,336
E,91,393,10,451
E,15,471,440,376
E,211,249,192,289
E,303,425,409,476
E,356,422,300,59
E,47,291,28,208
E,276,480,59,199
E,397,301,356,422
E,281,40,485,125
E,95,194,478,230
E,338,342,128,449
E,392,113,357,7
E,224,374,95,194
E,407,336,440,376
E,29,110,202,258
E,151,380,499,364
E,349,354,338,392
E,316,101,159,316
E,324,47,457,188
E,162,218,312,11
E,344,345,417,297
E,448,249,0,20
E,487,224,39,164
E,17,480,47,291
E,53,342,211,170
E,314,21,192,289
E,100,136,121,403
E,63,54,257,92
E,178,306,118,189
E,397,160,297,331
E,9,151,244,7
E,429,342,145,489
E,136,240,121,350
E,128,376,87,328
E,350,216,51,233
E,457,261,316,101
E,406,404,47,310
E,212,401,59,199
E,333,180,270,205
E,391,208,346,406
E,146,53,69,293
E,59,199,10,451
E,231,2,249,336
E,307,77,457,188
E,258,100,416,260
E,129,115,117,336
E,26,286,101,492
E,487,51,190,159
E,479,447,34,361
E,321,319,388,221
E,348,59,416,119
E,95,194,55,225
E,47,291,290,90
E,133,78,494,13
E,374,354,39,164
E,431,191,314,13
E,233,310,29,144
E,498,349,29,144
E,346,406,69,35
E,364,61,81,137
E,198,130,321,319
E,106,315,99,340
E,487,51,270,205
E,364,61,39,164
E,314,13,270,205
E,347,28,28,208
E,203,286,427,90
E,397,160,26,361
E,133,191,291,351
E,429,172,211,83
E,324,47,291,351
E,55,225,68,387
E,110,189,351,117
E,198,130,133,51
E,300,59,79,383
E,350,216,315,96
E,133,78,190,159
E,237,230,240,492
E,356,422,469,395
E,89,308,215,369
E,460,453,212,401
E,469,131,129,83
E,15,471,99,340
E,469,395,152,10
E,495,257,194,299
E,221,252,79,105
E,258,100,79,383
E,435,261,338,342
E,33,454,34,361
E,406,404,232,21
E,399,282,194,299
E,224,292,40,452
E,409,476,469,395
E,40,11,258,499
E,212,401,373,89
E,100,136,495,480
E,391,208,128,376
E,399,282,472,250
E,249,336,89,9
E,407,336,166,156
E,211,83,129,83
E,276,218,270,205
E,407,336,460,453
E,111,147,320,52
E,203,286,192,289
E,488,440,450,448
E,353,370,62,167
E,356,410,18,341
E,372,446,17,480
E,483,286,10,451
E,479,182,117,336
E,211,170,481,92
E,242,132,348,59
E,448,249,350,161
E,61,352,495,257
E,79,209,428,31
E,485,125,290,90
E,345,155,15,98
E,244,7,212,401
E,303,425,212,401
E,129,115,145,432
E,46,419,349,354
E,332,260,21,413
E,159,316,356,410
E,419,345,495,257
E,95,194,74,251
E,406,404,489,269
E,407,336,28,208
E,372,446,276,218
E,320,52,128,400
E,495,257,464,1
E,99,340,378,372
E,26,361,320,52
E,230,39,74,251
E,351,117,353,370
E,418,436,249,336
E,175,36,416,260
E,498,349,314,152
E,418,436,499,364
E,303,425,258,499
E,454,155,470,425
E,491,172,304,22
E,230,39,430,108
E,133,191,129,44
E,324,47,29,144
E,202,289,257,92
E,307,77,481,92
E,47,310,68,387
E,338,342,469,395
E,276,480,270,205
E,307,77,89,9
E,307,77,228,219
E,418,436,483,286
E,481,102,416,260
E,487,51,495,480
E,68,285,374,431
E,100,61,498,349
E,55,225,101,492
E,460,453,373,203
E,100,61,307,77
E,233,291,118,189
E,63,54,175,36
E,121,350,124,147
E,487,51,333,180
E,347,28,460,7
E,80,277,230,39
E,29,110,28,208
E,135,217,137,5
E,40,11,171,131
E,80,277,121,108
E,145,432,151,380
E,307,77,293,303
E,350,216,152,342
E,442,47,128,449
E,100,61,311,226
E,136,240,178,306
E,100,136,333,180
E,228,219,145,489
E,487,29,225,333
E,487,51,68,285
E,416,119,145,489
E,106,314,484,425
E,358,174,85,196
E,350,305,233,310
E,315,96,121,350
E,344,345,152,342
E,258,100,312,11
E,487,51,324,47
E,202,258,314,152
E,51,233,68,387
E,145,432,364,61
E,79,383,16,166
E,257,92,481,15
E,215,369,39,164
E,270,205,304,22
E,429,172,152,342
E,100,136,472,250
E,346,406,106,314
E,496,227,307,77
E,136,240,232,21
E,128,376,59,199
E,392,113,21,413
E,160,484,495,215
E,223,348,55,225
E,430,374,258,100
E,324,47,316,101
E,26,361,338,392
E,374,354,378,372
E,26,361,281,40
E,100,136,221,252
E,307,77,96,30
E,129,115,233,310
E,121,108,428,31
E,79,394,476,498
E,224,292,203,286
E,276,480,397,301
E,24,304,314,13
E,230,39,176,280
E,223,348,29,144
E,192,289,338,286
E,233,310,427,90
E,344,345,328,329
E,221,252,69,35
E,154,423,316,101
E,371,26,373,203
E,79,394,290,90
E,479,447,290,90
E,15,471,202,258
E,244,403,215,369
E,224,374,100,136
E,496,227,87,328
E,257,92,51,233
E,106,314,171,131
E,346,406,29,144
E,127,334,175,36
E,489,269,412,268
E,495,257,258,481
E,278,385,249,336
E,211,249,237,230
E,300,85,28,208
E,30,454,371,26
E,89,308,124,147
E,391,208,364,61
E,483,286,137,5
E,39,164,34,361
E,190,159,146,53
E,45,251,18,341
E,308,497,62,167
E,311,352,225,333
E,121,108,128,449
E,231,2,480,432
E,479,447,450,448
E,320,52,346,406
E,145,432,121,350
E,314,13,10,451
E,276,480,21,413
E,429,342,324,47
E,26,361,135,217
E,498,349,357,187
E,350,216,18,341
E,224,374,435,261
E,498,349,69,293
E,202,289,21,413
E,364,61,129,83
E,246,207,129,83
E,53,342,338,286
E,30,454,498,349
E,82,26,239,78
E,345,155,29,144
E,223,348,417,297
E,320,182,15,471
E,224,292,487,29
E,372,446,95,194
E,487,51,45,251
E,374,431,333,180
E,231,2,63,54
E,128,335,51,233
E,33,454,312,11
E,80,277,129,83
E,74,251,357,7
E,198,130,128,449
E,26,361,416,80
E,166,156,454,155
E,477,355,492,406
E,211,83,39,164
E,35,426,158,365
E,128,376,152,10
E,300,59,128,449
E,104,339,462,265
E,246,207,303,158
E,89,308,121,350
E,136,185,472,250
E,65,142,79,383
E,63,329,194,299
E,26,361,249,240
E,427,90,378,372
E,26,361,499,364
E,104,339,316,101
E,258,100,137,5
E,202,289,442,47
E,472,250,0,20
E,15,471,470,425
E,129,83,270,205
E,425,68,311,352
E,203,286,378,372
E,388,221,230,39
E,286,394,118,189
E,100,61,338,286
E,239,350,16,166
E,274,179,276,218
E,136,240,290,90
E,221,252,417,297
E,320,182,249,240
E,418,436,29,144
E,237,230,31,117
E,407,336,53,287
E,100,61,101,492
E,315,96,431,191
E,146,53,31,117
E,45,251,10,451
E,26,336,290,90
E,495,257,225,333
E,344,345,297,331
E,39,164,202,258
E,162,218,378,372
E,392,113,33,454
E,164,46,24,304
E,257,92,483,350
E,95,194,291,351
E,211,249,300,59
E,110,189,11,497
E,494,13,320,52
E,128,335,380,395
E,311,226,39,164
E,258,100,16,155
E,257,92,477,355
E,111,147,244,403
E,133,78,304,22
E,481,15,121,403
E,100,136,324,47
E,239,78,356,410
E,499,364,89,9
E,51,233,449,203
E,258,481,460,7
E,345,155,69,35
E,198,130,350,216
E,128,376,74,251
E,154,423,312,11
E,136,185,496,227
E,231,2,258,481
E,492,406,246,207
E,81,137,69,293
E,300,85,212,401
E,286,394,79,383
E,111,147,494,13
E,203,286,479,182
E,373,89,74,251
E,382,364,476,498
E,281,40,464,1
E,291,351,16,166
E,97,314,26,336
E,30,454,454,155
E,16,155,338,392
E,24,304,293,303
E,211,83,425,68
E,374,431,468,493
E,499,364,470,425
E,419,345,257,92
E,11,497,63,329
E,17,480,230,39
E,388,297,469,395
E,87,326,39,164
E,429,172,311,352
E,40,452,249,240
E,374,354,321,319
E,374,431,74,251
E,450,448,118,189
E,431,64,311,226
E,274,179,10,451
E,164,46,53,342
E,51,233,239,350
E,154,423,178,306
E,278,385,242,87
E,364,61,440,376
E,100,136,106,315
E,492,406,373,89
E,111,147,371,26
E,40,452,416,80
E,9,151,121,403
E,145,432,440,376
E,440,376,128,449
E,425,68,488,440
E,316,101,28,208
E,7,490,460,7
E,333,180,106,314
E,55,225,45,251
E,477,355,429,342
E,391,208,481,15
E,430,374,117,336
E,246,207,225,333
E,492,406,45,251
E,82,26,338,392
E,487,224,127,334
E,63,54,316,101
E,21,413,59,199
E,356,410,373,89
E,494,372,158,365
E,468,493,464,1
E,226,137,499,364
E,479,182,26,286
E,374,354,428,31
E,270,499,409,476
E,435,261,311,352
E,258,100,293,303
E,303,425,347,28
E,429,172,132,53
E,242,87,324,47
E,225,479,26,336
E,46,419,129,44
E,47,310,484,425
E,203,286,425,68
E,128,335,392,113
E,442,47,145,432
E,133,78,127,334
E,320,182,333,180
E,407,336,397,301
E,270,499,190,159
E,281,40,166,156
E,17,480,498,349
E,47,291,319,437
E,270,499,291,351
E,61,352,442,47
E,324,47,45,251
E,346,406,454,155
E,40,452,226,137
E,68,387,134,429
E,328,329,242,132
E,68,285,145,489
E,198,130,320,182
E,356,422,133,191
E,338,342,99,340
E,239,78,162,218
E,129,115,448,249
E,484,425,264,348
E,494,13,146,53
E,198,130,136,185
E,62,167,418,436
E,315,96,264,348
E,100,136,468,493
E,15,471,232,21
E,372,446,392,113
E,431,64,59,199
E,388,221,194,299
E,0,20,416,80
E,79,105,87,328
E,159,316,171,131
E,224,292,194,299
E,315,96,97,314
E,478,230,307,77
E,154,221,15,98
E,97,314,332,260
E,258,100,242,132
E,487,224,152,342
E,87,328,470,425
E,26,286,319,437
E,111,147,351,117
E,481,102,494,372
E,372,446,166,156
E,51,233,74,251
E,26,361,489,269
E,128,335,34,361
E,228,122,16,70
E,192,289,129,44
E,417,297,212,401
E,319,437,202,258
E,468,493,190,159
E,198,130,428,31
E,406,404,449,203
E,136,185,65,142
E,332,260,270,205
E,492,406,457,188
E,97,314,211,170
E,468,493,467,146
E,225,479,192,289
E,382,364,491,172
E,68,285,328,329
E,457,261,281,40
E,274,179,124,147
E,244,403,357,187
E,145,432,190,159
E,494,13,328,329
E,488,440,417,297
E,457,261,233,291
E,397,301,454,155
E,0,20,233,291
E,487,29,47,291
E,118,189,462,265
E,151,380,307,77
E,297,331,79,394
E,26,286,51,233
E,166,156,211,170
E,417,297,158,365
E,55,225,346,406
E,203,286,233,310
E,311,352,416,119
E,68,285,483,350
E,488,440,162,218
E,276,218,96,30
E,281,40,74,251
E,133,51,239,350
E,133,78,175,36
E,11,497,388,297
E,353,370,39,164
E,87,326,34,361
E,231,2,494,372
E,351,117,489,269
E,198,130,79,383
E,82,26,315,96
E,154,423,246,207
E,82,26,137,5
E,397,160,16,155
E,166,156,481,102
E,178,306,450,448
E,246,207,9,151
E,380,395,28,208
E,127,334,225,333
E,249,336,225,333
E,154,423,338,286
E,237,230,429,342
E,391,208,16,166
E,483,439,364,61
E,315,96,311,226
E,121,108,276,218
E,104,339,491,172
E,39,164,134,429
E,34,361,124,147
E,237,230,45,251
E,429,172,308,497
E,457,261,351,117
E,121,350,137,5
E,276,218,356,422
E,40,452,232,21
E,47,291,312,11
E,481,15,55,225
E,372,446,356,410
E,483,286,152,10
E,26,336,210,5
E,303,158,15,98
E,162,218,264,348
E,481,15,79,383
E,133,51,137,5
E,399,282,202,258
E,106,315,25,160
E,350,161,484,425
E,211,170,304,22
E,464,1,128,449
E,472,250,347,28
E,315,96,350,305
E,391,208,152,10
E,409,476,449,203
E,198,130,489,269
E,492,406,274,179
E,425,68,132,53
E,16,155,87,328
E,129,115,311,352
E,324,47,258,100
E,494,372,16,166
E,18,341,428,31
E,87,326,159,316
E,246,207,373,89
E,242,87,28,208
E,11,497,257,92
E,487,29,134,429
E,464,1,106,314
E,314,13,249,240
E,274,179,300,59
E,332,260,233,310
E,257,92,136,185
E,494,13,190,159
E,314,21,160,484
E,51,233,487,224
E,374,354,397,301
E,442,47,499,364
E,154,423,40,452
E,100,61,249,336
E,133,78,392,113
E,281,40,35,426
E,419,345,117,336
E,154,423,85,196
E,129,115,221,252
E,429,172,232,21
E,481,92,53,287
E,26,286,488,440
E,237,230,55,225
E,164,46,270,499
E,308,497,91,393
E,137,417,417,297
E,202,289,121,403
E,63,54,135,217
E,190,159,225,333
E,121,403,454,155
E,498,349,128,449
E,320,52,492,406
E,485,125,79,394
E,95,194,63,329
E,494,13,246,207
E,338,342,171,131
E,231,2,460,7
E,225,479,374,431
E,15,407,483,439
E,435,261,417,297
E,231,2,121,108
E,224,374,202,289
E,467,146,74,251
E,406,404,146,53
E,145,432,307,77
E,15,407,293,303
E,224,292,85,196
E,364,61,274,179
E,356,422,230,39
E,442,47,127,334
E,61,352,430,108
E,226,137,258,499
E,159,316,202,258
E,303,425,85,196
E,233,310,356,410
E,133,51,176,280
E,80,277,225,333
E,491,172,69,293
E,215,369,314,152
E,364,61,228,219
E,228,122,350,161
E,40,11,211,83
E,79,105,467,146
E,483,350,62,167
E,349,354,264,348
E,18,341,69,293
E,11,497,31,117
E,494,13,487,29
E,24,304,239,78
E,478,230,276,218
E,133,191,10,451
E,80,277,417,297
E,397,160,65,142
E,194,299,10,451
E,468,493,258,100
E,55,225,499,364
E,380,395,454,155
E,79,394,18,341
E,15,407,89,9
E,478,230,353,370
E,350,305,53,287
E,80,277,478,230
E,233,291,99,340
E,428,31,68,387
E,26,361,80,277
E,371,26,382,364
E,110,189,121,350
E,40,452,33,454
E,333,180,416,80
E,314,21,353,370
E,431,191,178,306
E,307,77,16,166
E,304,22,89,9
E,121,108,127,334
E,479,182,121,108
E,495,257,55,225
E,224,292,345,155
E,391,208,152,342
E,391,208,460,453
E,351,117,239,350
E,262,313,418,436
E,397,160,211,170
E,435,261,29,144
E,224,292,321,319
E,349,354,10,451
E,249,240,152,10
E,69,35,462,265
E,397,160,264,348
E,419,345,476,498
E,345,155,311,226
E,350,305,137,5
E,372,446,431,64
E,252,62,133,51
E,495,257,428,31
E,338,342,194,299
E,97,314,34,361
E,328,329,454,155
E,252,62,357,187
E,419,345,303,158
E,435,261,129,83
E,345,155,239,78
E,100,61,30,454
E,407,336,477,355
E,17,480,159,316
E,314,21,492,406
E,53,342,194,299
E,488,440,303,158
E,202,289,487,224
E,406,404,328,329
E,228,122,154,423
E,190,159,18,341
E,258,481,314,152
E,448,249,121,108
E,127,334,202,258
E,17,480,246,207
E,33,454,276,218
E,435,261,160,484
E,303,158,129,44
E,328,329,7,490
E,33,454,210,5
E,160,484,406,404
E,480,432,484,425
E,274,179,53,287
E,224,374,478,230
E,135,217,428,31
E,460,453,175,36
E,26,361,388,297
E,483,350,332,260
E,419,345,244,403
E,136,240,464,1
E,276,480,328,329
E,300,85,427,90
E,100,136,364,61
E,492,406,211,170
E,16,155,450,448
E,430,374,258,481
E,429,342,215,369
E,190,159,457,188
E,494,13,346,406
E,374,431,211,83
E,166,156,244,7
E,26,361,136,185
E,357,187,417,297
E,39,164,212,401
E,297,331,470,425
E,63,54,87,328
E,346,406,499,364
E,26,336,374,354
E,487,29,270,499
E,26,361,31,117
E,392,113,483,439
E,324,47,416,119
E,380,395,79,209
E,242,87,136,185
E,372,446,35,426
E,344,345,101,492
E,391,208,104,339
E,487,29,239,350
E,293,303,239,350
E,211,170,210,5
E,146,53,202,258
E,175,36,476,498
E,47,310,212,401
E,80,277,145,432
E,431,64,203,286
E,121,108,79,383
E,228,122,353,370
E,397,160,55,225
E,320,52,31,117
E,358,174,485,125
E,308,497,145,489
E,198,130,378,372
E,300,59,68,387
E,190,159,34,361
E,95,194,62,167
E,233,310,462,265
E,350,216,488,440
E,262,313,31,117
E,164,46,100,136
E,252,62,388,297
E,496,227,239,78
E,132,53,35,426
E,159,316,338,342
E,374,431,85,196
E,164,46,297,331
E,392,113,129,83
E,129,115,237,230
E,320,52,412,268
E,15,407,311,226
E,40,11,242,132
E,278,385,15,471
E,481,15,230,39
E,61,352,100,136
E,242,87,171,131
E,246,207,89,9
E,95,194,249,240
E,278,385,487,51
E,425,68,233,291
E,111,147,477,355
E,351,117,303,158
E,258,100,347,28
E,281,40,211,83
E,351,117,194,299
E,7,490,499,364
E,29,144,158,365
E,45,251,175,36
E,154,423,210,5
E,345,155,151,380
E,468,493,478,230
E,15,471,416,260
E,160,484,484,425
E,425,68,476,498
E,270,499,121,108
E,136,240,55,225
E,100,61,487,29
E,175,36,314,152
E,166,156,303,158
E,61,352,495,215
E,15,407,240,492
E,431,191,158,365
E,388,297,194,299
E,53,342,55,225
E,472,250,373,203
E,314,13,382,364
E,133,78,15,407
E,281,40,237,230
E,97,314,158,365
E,40,11,16,166
E,202,289,68,285
E,26,286,249,336
E,111,147,345,155
E,262,313,470,425
E,145,432,154,221
E,136,185,137,5
E,53,287,239,350
E,257,92,152,10
E,399,282,29,144
E,82,26,350,305
E,26,361,100,136
E,469,131,133,51
E,224,374,178,306
E,89,308,300,59
E,479,182,300,59
E,40,11,176,280
E,407,336,180,224
E,242,87,297,331
E,17,480,87,328
E,346,406,25,160
E,345,155,145,432
E,356,422,454,155
E,429,172,270,499
E,81,137,483,286
E,74,251,68,387
E,203,286,449,203
E,246,207,291,351
E,425,68,178,306
E,388,297,180,224
E,481,15,158,365
E,311,226,104,339
E,397,301,15,471
E,262,313,321,319
E,26,286,128,449
E,211,249,346,406
E,15,98,180,224
E,406,404,210,5
E,171,131,290,90
E,128,400,21,413
E,226,137,190,159
E,154,423,472,250
E,257,92,40,11
E,460,453,442,47
E,211,249,215,369
E,483,350,31,117
E,225,479,55,225
E,106,315,276,480
E,110,189,311,226
E,11,497,429,172
E,127,334,15,98
E,487,224,91,393
E,15,98,85,196
E,33,454,237,230
E,63,329,129,44
E,371,26,464,1
E,69,293,462,265
E,481,15,180,224
E,24,304,31,117
E,121,403,162,218
E,231,2,79,394
E,133,78,146,53
E,431,191,481,92
E,26,336,16,155
E,128,335,478,230
E,15,471,152,10
E,242,132,85,196
E,11,497,242,132
E,100,61,430,108
E,481,92,158,365
E,481,92,175,36
E,338,342,137,5
E,374,431,484,425
E,487,224,450,448
E,430,374,99,340
E,111,147,499,364
E,137,417,416,80
E,380,395,35,426
E,226,137,249,240
E,307,77,495,215
E,431,191,104,339
E,132,53,133,191
E,449,203,79,209
E,159,316,312,11
E,308,497,412,268
E,239,78,212,401
E,270,499,244,7
E,111,147,132,53
E,276,480,388,221
E,303,425,239,350
E,29,110,128,449
E,480,432,104,339
E,286,394,373,203
E,162,218,457,188
E,320,182,416,80
E,372,446,226,137
E,276,480,210,5
E,320,182,39,164
E,308,497,15,98
E,132,53,249,336
E,151,380,430,108
E,494,13,117,336
E,429,172,276,480
E,435,261,450,448
E,488,440,240,492
E,106,315,460,453
E,320,182,215,369
E,9,151,68,387
E,136,240,487,224
E,488,440,146,53
E,468,493,388,297
E,270,205,146,53
E,483,439,351,117
E,34,361,357,7
E,128,400,388,297
E,262,313,29,110
E,258,499,373,89
E,166,156,79,394
E,274,179,270,205
E,30,454,25,160
E,17,480,28,208
E,40,11,40,452
E,232,21,417,297
E,392,113,171,131
E,82,26,117,336
E,371,26,460,7
E,479,182,347,28
E,418,436,412,268
E,425,68,397,301
E,448,249,264,348
E,11,497,344,345
E,136,240,158,365
E,128,400,388,221
E,33,454,239,78
E,494,13,252,62
E,346,406,79,383
E,419,345,133,191
E,488,440,154,221
E,228,122,178,306
E,480,432,276,480
E,95,194,68,387
E,258,499,85,196
E,392,113,69,293
E,26,361,428,31
E,82,26,95,194
E,128,376,460,7
E,257,92,211,83
E,104,339,127,334
E,133,78,262,313
E,136,185,457,188
E,192,289,33,454
E,81,137,146,53
E,496,227,388,221
E,406,404,246,207
E,464,1,15,471
E,278,385,418,436
E,118,189,16,166
E,291,351,79,383
E,244,403,431,191
E,312,11,457,188
E,345,155,258,499
E,16,155,158,365
E,15,471,291,351
E,159,316,79,394
E,464,1,10,451
E,33,454,117,336
E,332,260,457,188
E,104,339,35,426
E,346,406,495,215
E,129,115,485,125
E,431,191,79,383
E,372,446,460,453
E,9,151,469,395
E,61,352,101,492
E,278,385,300,85
E,338,286,291,351
E,258,100,99,340
E,178,306,79,394
E,449,203,74,251
E,61,352,121,108
E,478,230,240,492
E,397,160,489,269
E,320,52,175,36
E,26,336,481,102
E,278,385,145,432
E,11,497,478,230
E,350,216,338,392
E,9,151,346,406
E,347,28,176,280
E,399,282,300,59
E,225,479,357,187
E,215,369,356,422
E,333,180,146,53
E,297,331,121,403
E,319,437,129,44
E,87,328,154,221
E,33,454,378,372
E,136,185,429,342
E,24,304,311,352
E,278,385,469,395
E,202,289,270,205
E,87,326,449,203
E,59,199,68,387
E,311,226,460,7
E,47,310,21,413
E,427,90,349,354
E,146,53,96,30
E,9,151,16,70
E,242,87,477,355
E,429,172,228,219
E,178,306,249,336
E,350,305,252,62
E,392,113,137,417
E,242,87,249,240
E,121,108,356,422
E,133,78,59,199
E,198,130,96,30
E,315,96,480,432
E,495,215,373,89
E,63,54,356,410
E,328,329,74,251
E,371,26,158,365
E,303,425,450,448
E,350,216,252,62
E,297,331,21,413
E,29,144,290,90
E,371,26,416,119
E,132,53,258,499
E,203,286,338,342
E,121,403,230,39
E,89,308,276,480
E,242,87,17,480
E,431,191,129,83
E,388,221,338,392
E,128,335,80,277
E,45,251,489,269
E,314,13,274,179
E,135,217,124,147
E,487,29,7,490
E,435,261,460,7
E,233,310,416,260
E,397,160,495,215
E,146,53,91,393
E,29,110,462,265
E,26,336,10,451
E,231,2,228,122
E,338,286,29,110
E,450,448,117,336
E,51,233,338,286
E,357,187,127,334
E,129,83,338,342
E,26,336,190,159
E,481,15,47,291
E,270,499,34,361
E,498,349,378,372
E,483,439,320,182
E,391,208,478,230
E,257,92,133,191
E,481,15,489,269
E,237,230,416,80
E,26,336,211,83
E,485,125,258,100
E,496,227,29,110
E,106,315,121,350
E,345,155,417,297
E,51,233,240,492
E,18,341,460,7
E,106,314,457,188
E,472,250,249,336
E,0,20,307,77
E,136,185,258,499
E,345,155,429,342
E,225,479,85,196
E,346,406,176,280
E,457,261,154,423
E,228,219,152,10
E,478,230,47,291
E,281,40,470,425
E,392,113,121,403
E,35,426,232,21
E,61,352,17,480
E,106,315,338,286
E,224,374,63,54
E,281,40,242,87
E,242,132,18,341
E,203,286,388,297
E,472,250,468,493
E,350,216,374,354
E,472,250,34,361
E,128,400,491,172
E,480,432,101,492
E,346,406,129,44
E,300,85,388,221
E,350,216,270,499
E,281,40,30,454
E,202,289,242,87
E,372,446,81,137
E,29,110,232,21
E,225,479,489,269
E,257,92,378,372
E,128,376,39,164
E,137,417,85,196
E,9,151,274,179
E,128,335,81,137
E,166,156,29,110
E,53,287,133,191
E,100,61,33,454
E,450,448,137,5
E,286,394,31,117
E,481,92,242,132
E,314,152,483,286
E,136,185,397,301
E,26,336,286,394
E,61,352,499,364
E,212,401,31,117
E,442,47,258,499
E,79,105,346,406
E,246,207,258,499
E,53,342,264,348
E,371,26,430,108
E,166,156,429,342
E,350,161,454,155
E,478,230,29,144
E,237,230,484,425
E,281,40,338,392
E,121,350,194,299
E,494,13,74,251
E,65,142,225,333
E,406,404,412,268
E,257,92,454,155
E,166,156,469,395
E,487,29,68,387
E,224,374,303,425
E,135,217,457,188
E,430,374,128,376
E,211,249,324,47
E,350,216,62,167
E,435,261,164,46
E,133,78,481,92
E,481,15,332,260
E,61,352,297,331
E,111,147,468,493
E,419,345,416,119
E,40,11,338,392
E,483,439,128,400
E,244,403,481,102
E,28,208,349,354
E,47,310,134,429
E,258,481,68,387
E,388,297,212,401
E,80,277,132,53
E,348,59,428,31
E,467,146,137,417
E,121,403,388,221
E,46,419,233,291
E,454,155,16,166
E,231,2,80,277
E,135,217,258,100
E,198,130,33,454
E,15,407,146,53
E,345,155,397,301
E,135,217,132,53
E,487,224,412,268
E,350,305,79,394
E,87,328,258,481
E,425,68,264,348
E,79,105,133,51
E,228,122,349,354
E,62,167,137,417
E,257,92,33,454
E,202,289,320,182
E,364,61,158,365
E,154,423,230,39
E,53,342,332,260
E,89,308,127,334
E,55,225,118,189
E,110,189,68,285
E,210,5,10,451
E,132,53,16,70
E,406,404,418,436
E,135,217,128,449
E,391,208,55,225
E,338,286,242,132
E,63,54,26,286
E,15,407,449,203
E,211,83,244,7
E,166,156,470,425
E,225,479,440,376
E,166,156,128,400
E,315,96,171,131
E,133,78,270,205
E,262,313,15,471
E,431,64,128,335
E,320,52,428,31
E,382,364,154,221
E,276,480,440,376
E,494,13,129,83
E,371,26,35,426
E,431,64,332,260
E,428,31,124,147
E,24,304,101,492
E,483,439,276,480
E,224,292,397,301
E,9,151,202,258
E,364,61,96,30
E,110,189,7,490
E,28,208,244,7
E,192,289,133,191
E,350,216,28,208
E,391,208,332,260
E,478,230,347,28
E,319,437,53,287
E,104,339,202,258
E,104,339,349,354
E,431,64,35,426
E,448,249,258,499
E,244,403,388,221
E,246,207,462,265
E,388,221,476,498
E,226,137,240,492
E,40,452,194,299
E,17,480,24,304
E,198,130,399,282
E,9,151,106,314
E,300,85,483,350
E,407,336,33,454
E,82,26,469,395
E,303,158,300,59
E,145,432,180,224
E,133,78,321,319
E,416,80,137,5
E,448,249,300,85
E,276,480,79,209
E,110,189,252,62
E,61,352,249,240
E,152,342,300,59
E,332,260,373,89
E,303,158,16,155
E,192,289,175,36
E,221,252,211,83
E,467,146,312,11
E,95,194,429,172
E,348,59,470,425
E,151,380,69,35
E,100,136,344,345
E,406,404,65,142
E,26,286,478,230
E,429,172,412,268
E,484,425,428,31
E,319,437,63,329
E,314,13,21,413
E,202,258,129,44
E,136,240,397,301
E,399,282,34,361
E,29,144,59,199
E,380,395,499,364
E,495,257,104,339
E,111,147,51,233
E,111,147,349,354
E,11,497,499,364
E,79,209,16,166
E,154,423,151,380
E,262,313,350,305
E,311,226,373,89
E,121,108,316,101
E,244,403,491,172
E,252,62,460,7
E,417,297,128,449
E,30,454,412,268
E,30,454,332,260
E,406,404,25,160
E,129,115,215,369
E,449,203,106,314
E,449,203,412,268
E,276,480,467,146
E,435,261,252,62
E,364,61,357,187
E,372,446,154,423
E,391,208,479,447
E,311,226,230,39
E,429,342,494,372
E,242,87,478,230
E,487,51,417,297
E,110,189,26,286
E,314,13,162,218
E,350,305,485,125
E,226,137,29,144
E,164,46,129,83
E,477,355,0,20
E,129,115,344,345
E,487,224,469,395
E,380,395,378,372
E,82,26,481,102
E,435,261,233,310
E,332,260,416,80
E,488,440,270,205
E,480,432,397,301
E,278,385,495,215
E,31,117,314,152
E,244,403,29,144
E,419,345,293,303
E,100,61,202,289
E,344,345,132,53
E,228,122,91,393
E,136,240,378,372
E,351,117,176,280
E,397,301,246,207
E,136,240,18,341
E,151,380,300,85
E,135,217,62,167
E,358,174,237,230
E,481,102,45,251
E,82,26,321,319
E,233,291,129,83
E,239,350,145,489
E,457,261,467,146
E,468,493,62,167
E,278,385,40,11
E,244,403,121,350
E,244,403,45,251
E,63,54,233,291
E,316,101,99,340
E,345,155,495,257
E,406,404,338,286
E,65,142,483,350
E,136,185,129,83
E,448,249,314,152
E,145,432,0,20
E,467,146,15,471
E,151,380,233,310
E,211,249,487,51
E,481,102,121,350
E,203,286,495,480
E,97,314,308,497
E,457,261,374,431
E,145,432,158,365
E,127,334,460,7
E,345,155,416,80
E,314,21,454,155
E,338,286,133,51
E,211,170,68,387
E,397,160,128,376
E,468,493,488,440
E,374,354,418,436
E,429,172,311,226
E,80,277,240,492
E,136,240,498,349
E,15,407,264,348
E,55,225,351,117
E,346,406,233,310
E,244,403,291,351
E,479,182,297,331
E,31,117,15,98
E,133,51,304,22
E,391,208,324,47
E,128,376,347,28
E,496,227,0,20
E,231,2,488,440
E,314,152,462,265
E,483,350,152,10
E,347,28,91,393
E,128,400,128,449
E,348,59,18,341
E,224,292,211,249
E,344,345,106,314
E,211,249,10,451
E,15,471,378,372
E,257,92,338,342
E,350,305,258,499
E,428,31,16,166
E,315,96,175,36
E,469,131,297,331
E,252,62,190,159
E,40,452,264,348
E,26,286,223,348
E,15,471,225,333
E,491,172,124,147
E,211,170,69,293
E,291,351,134,429
E,417,297,68,387
E,425,68,450,448
E,51,233,483,350
E,303,425,24,304
E,467,146,47,310
E,9,151,481,102
E,364,61,62,167
E,300,59,74,251
E,211,249,26,286
E,430,374,233,291
E,228,122,314,152
E,320,52,382,364
E,100,136,338,392
E,0,20,274,179
E,311,352,175,36
E,344,345,233,310
E,399,282,492,406
E,477,355,378,372
E,397,160,25,160
E,224,292,242,132
E,239,78,300,59
E,350,216,353,370
E,79,394,171,131
E,65,142,429,342
E,81,137,350,161
E,357,187,87,328
E,262,313,300,85
E,249,240,430,108
E,431,191,357,7
E,152,342,10,451
E,100,61,29,144
E,26,286,304,22
E,391,208,79,383
E,468,493,128,449
E,297,331,10,451
E,45,251,460,7
E,417,297,495,480
E,397,160,16,70
E,40,11,495,215
E,416,119,462,265
E,29,110,388,221
E,467,146,39,164
E,244,7,89,9
E,26,361,89,9
E,487,29,484,425
E,478,230,47,310
E,95,194,487,224
E,399,282,264,348
E,237,230,418,436
E,494,13,488,440
E,17,480,338,392
E,257,92,99,340
E,81,137,159,316
E,79,383,171,131
E,228,122,31,117
E,100,61,270,205
E,448,249,211,83
E,442,47,429,172
E,221,252,412,268
E,79,105,133,191
E,26,286,129,83
E,382,364,129,83
E,95,194,69,293
E,34,361,45,251
E,392,113,338,342
E,100,61,180,224
E,409,476,307,77
E,35,426,258,481
E,487,29,91,393
E,135,217,128,400
E,392,113,356,422
E,62,167,450,448
E,484,425,79,209
E,237,230,286,394
E,252,62,316,101
E,136,240,314,13
E,293,303,39,164
E,293,303,180,224
E,104,339,274,179
E,136,185,348,59
E,338,286,276,218
E,308,497,495,480
E,47,291,18,341
E,100,136,81,137
E,333,180,137,5
E,16,70,134,429
E,274,179,68,387
E,356,422,158,365
E,89,308,40,11
E,483,350,495,480
E,24,304,9,151
E,407,336,333,180
E,111,147,133,51
E,145,432,89,9
E,136,185,350,161
E,128,376,304,22
E,371,26,211,170
E,431,64,101,492
E,345,155,202,258
E,276,480,135,217
E,392,113,18,341
E,495,257,178,306
E,242,87,373,89
E,460,453,312,11
E,495,215,412,268
E,483,439,357,187
E,225,479,494,372
E,210,5,356,410
E,224,374,16,70
E,468,493,137,5
E,128,335,53,342
