N,149,328
N,381,460
N,464,266
N,159,396
N,207,43
N,378,264
N,469,435
N,440,105
N,221,69
N,340,151
N,36,55
N,347,303
N,9,82
N,286,200
N,326,379
N,246,213
N,104,367
N,331,435
N,319,363
N,276,343
N,58,50
N,98,447
N,248,372
N,179,446
N,225,101
N,346,266
N,141,354
N,51,181
N,261,432
N,86,39
N,108,187
N,60,13
N,17,48
N,198,216
N,438,5
N,41,97
N,400,369
N,106,231
N,497,378
N,196,51
N,444,22
N,461,210
N,380,484
N,36,222
N,427,261
N,204,86
N,97,324
N,263,353
N,142,430
N,456,38
N,279,238
N,49,462
N,251,166
N,55,262
N,94,63
N,433,408
N,423,247
N,82,98
N,336,461
N,3,119
N,288,326
N,351,362
N,340,39
N,483,265
N,328,210
N,327,477
N,74,422
N,221,343
N,251,468
N,223,423
N,385,97
N,324,179
N,354,187
N,255,34
N,375,308
N,410,242
N,135,179
N,254,182
N,84,487
N,340,231
N,322,329
N,165,131
N,152,210
N,170,468
N,72,188
N,118,210
N,0,432
N,352,386
N,311,462
N,160,194
N,458,23
N,244,139
N,26,342
N,164,21
N,375,437
N,429,414
N,337,82
N,196,207
N,385,259
N,80,204
N,430,431
N,231,487
N,382,71
N,335,279
N,24,159
N,202,233
N,431,460
N,444,459
N,155,139
N,0,149
N,473,245
N,13,171
N,362,182
N,246,166
N,103,331
N,106,36
N,195,443
N,276,224
N,229,473
N,44,489
N,15,267
N,482,396
N,328,337
N,201,493
N,164,221
N,496,451
N,182,354
N,96,390
N,344,46
N,290,435
N,306,361
N,303,43
N,242,95
N,322,470
N,445,478
N,157,406
N,443,345
N,271,82
N,474,320
N,59,473
N,318,489
N,103,292
N,157,115
N,137,433
N,237,17
N,389,161
N,304,308
N,24,239
N,139,400
N,286,400
N,184,163
N,86,286
N,71,254
N,374,421
N,367,103
N,189,418
N,133,31
N,442,255
N,272,366
N,114,14
N,135,255
N,346,157
N,156,209
N,36,303
N,175,482
N,160,244
N,35,481
N,85,339
N,236,444
N,101,186
N,401,461
N,286,349
N,476,486
N,298,352
N,390,331
N,146,355
N,397,376
N,284,215
N,277,435
N,28,458
N,328,235
N,431,194
N,250,395
N,167,391
N,168,496
N,132,2
N,382,182
N,94,238
N,391,215
N,405,84
N,301,1
N,109,458
N,341,254
N,223,498
N,188,99
N,6,457
N,437,439
N,432,73
N,378,150
N,284,138
E,15,267,237,17
E,385,97,36,303
E,483,265,165,131
E,9,82,106,36
E,164,21,391,215
E,331,435,175,482
E,108,187,71,254
E,354,187,36,303
E,423,247,44,489
E,277,435,28,458
E,0,432,103,292
E,28,458,382,182
E,378,264,346,157
E,184,163,6,457
E,464,266,375,437
E,55,262,223,423
E,195,443,303,43
E,36,55,276,343
E,276,224,322,470
E,135,255,188,99
E,189,418,277,435
E,375,437,391,215
E,60,13,6,457
E,0,432,271,82
E,340,231,139,400
E,250,395,378,150
E,284,215,250,395
E,381,460,335,279
E,108,187,433,408
E,251,166,44,489
E,246,213,442,255
E,497,378,385,259
E,261,432,431,460
E,3,119,328,337
E,175,482,328,235
E,41,97,182,354
E,221,69,118,210
E,157,115,137,433
E,17,48,271,82
E,340,39,324,179
E,473,245,146,355
E,164,21,15,267
E,483,265,152,210
E,456,38,354,187
E,246,166,24,239
E,427,261,0,432
E,380,484,36,222
E,51,181,279,238
E,423,247,223,498
E,497,378,133,31
E,36,222,164,221
E,346,266,284,138
E,36,222,146,355
E,195,443,290,435
E,440,105,375,437
E,326,379,236,444
E,51,181,85,339
E,246,213,380,484
E,86,39,71,254
E,346,157,397,376
E,261,432,251,166
E,440,105,137,433
E,51,181,382,71
E,378,264,279,238
E,167,391,405,84
E,255,34,59,473
E,184,163,132,2
E,381,460,24,239
E,157,115,24,239
E,476,486,298,352
E,221,69,497,378
E,380,484,401,461
E,311,462,271,82
E,85,339,382,182
E,49,462,298,352
E,497,378,444,22
E,385,97,196,207
E,152,210,429,414
E,36,55,389,161
E,442,255,328,235
E,438,5,82,98
E,221,69,15,267
E,327,477,324,179
E,410,242,71,254
E,36,55,328,210
E,36,55,431,460
E,55,262,443,345
E,322,470,184,163
E,159,396,351,362
E,444,22,290,435
E,82,98,351,362
E,246,213,443,345
E,440,105,322,470
E,141,354,103,292
E,311,462,106,36
E,104,367,410,242
E,271,82,114,14
E,225,101,141,354
E,290,435,137,433
E,237,17,35,481
E,60,13,155,139
E,385,97,59,473
E,456,38,401,461
E,389,161,71,254
E,336,461,430,431
E,263,353,244,139
E,86,39,80,204
E,51,181,106,36
E,36,222,132,2
E,103,292,24,239
E,246,213,13,171
E,340,231,175,482
E,141,354,204,86
E,157,115,390,331
E,137,433,378,150
E,385,97,114,14
E,496,451,437,439
E,51,181,74,422
E,482,396,328,337
E,497,378,94,63
E,276,343,84,487
E,179,446,382,182
E,196,51,114,14
E,288,326,474,320
E,284,215,432,73
E,286,400,432,73
E,276,343,431,460
E,324,179,24,239
E,149,328,196,207
E,438,5,328,337
E,385,259,44,489
E,347,303,445,478
E,445,478,432,73
E,80,204,229,473
E,236,444,476,486
E,118,210,431,194
E,438,5,86,286
E,290,435,86,286
E,286,400,188,99
E,84,487,337,82
E,84,487,24,239
E,55,262,165,131
E,36,55,284,215
E,362,182,103,331
E,327,477,86,286
E,198,216,311,462
E,196,51,401,461
E,445,478,382,182
E,255,34,375,308
E,400,369,443,345
E,326,379,106,231
E,251,166,389,161
E,159,396,157,115
E,375,437,246,166
E,94,63,337,82
E,231,487,328,235
E,204,86,236,444
E,410,242,437,439
E,427,261,496,451
E,207,43,375,308
E,0,149,44,489
E,255,34,444,459
E,337,82,341,254
E,351,362,276,224
E,464,266,437,439
E,482,396,445,478
E,474,320,346,157
E,318,489,146,355
E,170,468,103,331
E,231,487,164,221
E,204,86,385,259
E,236,444,284,138
E,135,255,346,157
E,36,222,298,352
E,254,182,458,23
E,13,171,341,254
E,427,261,286,400
E,104,367,444,22
E,311,462,362,182
E,378,264,390,331
E,346,266,103,331
E,306,361,328,235
E,440,105,101,186
E,55,262,157,406
E,41,97,106,231
E,157,115,272,366
E,461,210,397,376
E,106,231,367,103
E,165,131,284,215
E,440,105,28,458
E,254,182,430,431
E,86,39,298,352
E,149,328,229,473
E,225,101,114,14
E,104,367,109,458
E,196,207,341,254
E,423,247,85,339
E,381,460,474,320
E,306,361,476,486
E,135,179,328,337
E,335,279,103,292
E,36,222,221,343
E,458,23,397,376
E,106,231,109,458
E,132,2,223,498
E,456,38,340,39
E,410,242,156,209
E,263,353,279,238
E,207,43,237,17
E,346,266,250,395
E,246,166,101,186
E,104,367,49,462
E,26,342,301,1
E,196,51,427,261
E,98,447,36,303
E,444,459,443,345
E,44,489,303,43
E,109,458,437,439
E,444,22,385,259
E,381,460,168,496
E,263,353,242,95
E,74,422,137,433
E,261,432,106,36
E,0,432,24,159
E,311,462,444,459
E,248,372,49,462
E,58,50,473,245
E,74,422,201,493
E,482,396,94,238
E,340,151,250,395
E,444,459,306,361
E,58,50,74,422
E,17,48,182,354
E,433,408,72,188
E,442,255,109,458
E,375,437,382,182
E,431,194,6,457
E,346,266,432,73
E,473,245,13,171
E,433,408,35,481
E,221,69,443,345
E,331,435,164,21
E,98,447,51,181
E,464,266,24,239
E,13,171,157,406
E,254,182,362,182
E,351,362,84,487
E,133,31,390,331
E,41,97,322,470
E,159,396,229,473
E,26,342,430,431
E,427,261,255,34
E,322,470,157,406
E,288,326,374,421
E,324,179,135,179
E,104,367,496,451
E,354,187,24,159
E,149,328,152,210
E,9,82,458,23
E,36,55,96,390
E,251,468,96,390
E,104,367,167,391
E,255,34,340,231
E,331,435,328,235
E,246,213,473,245
E,276,224,201,493
E,322,329,496,451
E,49,462,13,171
E,84,487,344,46
E,179,446,322,329
E,331,435,196,207
E,423,247,28,458
E,72,188,318,489
E,255,34,378,150
E,86,39,341,254
E,298,352,94,238
E,221,343,286,400
E,41,97,170,468
E,165,131,195,443
E,49,462,165,131
E,328,210,496,451
E,288,326,397,376
E,279,238,431,194
E,97,324,196,207
E,82,98,28,458
E,429,414,103,331
E,410,242,188,99
E,72,188,397,376
E,401,461,109,458
E,251,468,322,329
E,445,478,397,376
E,286,400,114,14
E,80,204,71,254
E,221,69,101,186
E,286,200,286,349
E,152,210,473,245
E,444,22,375,308
E,319,363,346,266
E,340,39,337,82
E,196,51,362,182
E,430,431,184,163
E,251,166,72,188
E,244,139,0,149
E,326,379,250,395
E,261,432,322,470
E,337,82,443,345
E,3,119,482,396
E,196,51,155,139
E,0,149,431,194
E,318,489,437,439
E,84,487,201,493
E,135,179,155,139
E,483,265,375,308
E,385,97,375,308
E,98,447,135,179
E,55,262,109,458
E,3,119,378,150
E,469,435,101,186
E,378,264,160,194
E,286,200,328,235
E,347,303,298,352
E,248,372,382,182
E,80,204,318,489
E,106,231,443,345
E,139,400,236,444
E,246,213,318,489
E,36,222,346,157
E,469,435,440,105
E,433,408,344,46
E,476,486,328,235
E,0,432,311,462
E,346,157,328,235
E,49,462,322,470
E,340,151,242,95
E,71,254,431,194
E,179,446,382,71
E,340,151,354,187
E,196,51,204,86
E,159,396,290,435
E,375,437,157,115
E,326,379,401,461
E,74,422,276,224
E,152,210,476,486
E,248,372,164,21
E,346,266,36,303
E,347,303,152,210
E,319,363,188,99
E,429,414,103,292
E,94,63,374,421
E,255,34,24,159
E,410,242,168,496
E,9,82,445,478
E,221,343,382,182
E,346,266,322,329
E,132,2,405,84
E,179,446,41,97
E,72,188,431,194
E,86,39,135,255
E,251,468,354,187
E,103,331,182,354
E,207,43,223,498
E,306,361,432,73
E,431,460,188,99
E,461,210,82,98
E,202,233,94,238
E,276,343,36,222
E,324,179,237,17
E,237,17,114,14
E,431,460,242,95
E,440,105,423,247
E,444,22,49,462
E,458,23,24,239
E,248,372,35,481
E,231,487,344,46
E,347,303,322,470
E,98,447,223,498
E,381,460,378,264
E,82,98,160,244
E,248,372,456,38
E,400,369,242,95
E,381,460,85,339
E,49,462,474,320
E,103,331,242,95
E,335,279,164,221
E,221,343,346,157
E,24,239,286,400
E,444,22,101,186
E,272,366,284,215
E,204,86,0,149
E,94,63,328,337
E,170,468,24,239
E,51,181,444,22
E,244,139,86,286
E,72,188,476,486
E,335,279,35,481
E,86,39,103,292
E,223,423,344,46
E,142,430,195,443
E,385,259,242,95
E,336,461,374,421
E,246,213,58,50
E,276,343,60,13
E,246,213,496,451
E,9,82,328,235
E,362,182,476,486
E,58,50,86,286
E,135,179,362,182
E,15,267,157,406
E,347,303,311,462
E,380,484,263,353
E,74,422,80,204
E,170,468,277,435
E,382,71,146,355
E,497,378,0,432
E,251,468,429,414
E,311,462,133,31
E,389,161,391,215
E,155,139,389,161
E,328,210,80,204
E,165,131,167,391
E,58,50,254,182
E,96,390,445,478
E,381,460,0,149
E,318,489,250,395
E,0,432,496,451
E,244,139,328,337
E,336,461,335,279
E,318,489,137,433
E,204,86,303,43
E,337,82,286,400
E,108,187,74,422
E,204,86,26,342
E,244,139,389,161
E,80,204,378,150
E,340,151,328,337
E,159,396,346,266
E,159,396,444,22
E,473,245,24,239
E,24,159,96,390
E,375,437,96,390
E,346,266,400,369
E,3,119,242,95
E,49,462,473,245
E,340,231,352,386
E,319,363,82,98
E,141,354,474,320
E,155,139,284,215
E,327,477,378,150
E,261,432,72,188
E,445,478,135,255
E,331,435,400,369
E,382,71,298,352
E,319,363,318,489
E,55,262,168,496
E,375,437,303,43
E,80,204,44,489
E,94,63,146,355
E,24,159,272,366
E,306,361,346,157
E,340,39,374,421
E,340,151,318,489
E,159,396,58,50
E,473,245,362,182
E,55,262,82,98
E,389,161,390,331
E,36,55,284,138
E,82,98,271,82
E,340,39,306,361
E,94,238,301,1
E,400,369,84,487
E,385,97,103,292
E,340,39,175,482
E,346,157,167,391
E,263,353,231,487
E,324,179,290,435
E,36,222,74,422
E,327,477,340,231
E,389,161,188,99
E,341,254,437,439
E,427,261,236,444
E,229,473,378,150
E,322,470,304,308
E,94,63,496,451
E,319,363,352,386
E,198,216,157,115
E,3,119,303,43
E,469,435,24,159
E,288,326,103,292
E,51,181,255,34
E,326,379,106,36
E,385,97,146,355
E,51,181,72,188
E,159,396,318,489
E,152,210,328,337
E,319,363,304,308
E,374,421,167,391
E,0,149,132,2
E,223,423,170,468
E,36,55,0,432
E,483,265,86,286
E,51,181,237,17
E,221,69,335,279
E,28,458,6,457
E,221,69,24,239
E,254,182,476,486
E,221,69,423,247
E,254,182,272,366
E,59,473,272,366
E,324,179,437,439
E,263,353,367,103
E,96,390,85,339
E,385,259,103,331
E,179,446,362,182
E,108,187,6,457
E,36,222,276,224
E,423,247,385,97
E,306,361,389,161
E,378,264,340,231
E,15,267,290,435
E,160,194,328,235
E,352,386,473,245
E,458,23,237,17
E,135,179,391,215
E,41,97,443,345
E,374,421,284,138
E,464,266,251,468
E,24,159,431,460
E,142,430,391,215
E,385,259,132,2
E,344,46,168,496
E,114,14,341,254
E,179,446,374,421
E,251,468,375,308
E,244,139,85,339
E,248,372,401,461
E,152,210,94,238
E,55,262,13,171
E,438,5,137,433
E,142,430,328,337
E,254,182,133,31
E,223,423,271,82
E,362,182,106,36
E,497,378,13,171
E,362,182,35,481
E,303,43,250,395
E,72,188,24,159
E,410,242,277,435
E,36,55,196,51
E,444,459,382,182
E,207,43,155,139
E,36,222,175,482
E,378,264,331,435
E,261,432,160,194
E,251,468,303,43
E,427,261,328,235
E,221,343,401,461
E,146,355,301,1
E,346,157,28,458
E,72,188,335,279
E,142,430,59,473
E,159,396,496,451
E,135,179,164,21
E,157,406,391,215
E,51,181,41,97
E,331,435,71,254
E,444,22,164,221
E,9,82,337,82
E,164,21,236,444
E,104,367,6,457
E,473,245,284,215
E,346,157,146,355
E,347,303,96,390
E,196,51,142,430
E,108,187,286,400
E,108,187,328,210
E,58,50,380,484
E,381,460,301,1
E,168,496,378,150
E,157,406,94,238
E,337,82,442,255
E,362,182,374,421
E,246,213,201,493
E,221,343,133,31
E,347,303,378,150
E,340,231,286,349
E,44,489,344,46
E,340,151,157,115
E,118,210,496,451
E,225,101,458,23
E,97,324,49,462
E,142,430,152,210
E,340,39,255,34
E,36,222,170,468
E,242,95,286,400
E,72,188,146,355
E,331,435,72,188
E,165,131,304,308
E,36,55,346,157
E,103,292,146,355
E,198,216,84,487
E,298,352,390,331
E,179,446,401,461
E,458,23,442,255
E,86,39,24,239
E,97,324,385,259
E,375,437,132,2
E,229,473,184,163
E,375,308,84,487
E,137,433,189,418
E,337,82,246,166
E,381,460,423,247
E,347,303,497,378
E,497,378,202,233
E,318,489,286,349
E,336,461,431,460
E,0,432,6,457
E,108,187,135,179
E,346,266,279,238
E,337,82,189,418
E,142,430,423,247
E,86,39,132,2
E,237,17,397,376
E,201,493,156,209
E,326,379,152,210
E,444,22,482,396
E,438,5,351,362
E,35,481,168,496
E,375,308,6,457
E,385,97,298,352
E,445,478,237,17
E,346,266,374,421
E,251,166,133,31
E,72,188,106,36
E,347,303,36,222
E,182,354,223,498
E,17,48,94,63
E,86,39,0,432
E,326,379,98,447
E,431,460,304,308
E,24,239,86,286
E,322,329,184,163
E,322,329,101,186
E,152,210,474,320
E,44,489,346,157
E,461,210,135,255
E,461,210,103,292
E,250,395,132,2
E,106,231,251,166
E,354,187,118,210
E,201,493,286,349
E,251,468,85,339
E,175,482,298,352
E,221,69,6,457
E,248,372,277,435
E,135,179,94,238
E,251,468,474,320
E,198,216,170,468
E,443,345,189,418
E,255,34,103,292
E,97,324,389,161
E,221,343,114,14
E,196,207,430,431
E,279,238,284,215
E,326,379,82,98
E,106,36,431,194
E,94,63,156,209
E,430,431,168,496
E,382,71,71,254
E,336,461,195,443
E,303,43,236,444
E,327,477,103,292
E,237,17,374,421
E,328,210,13,171
E,231,487,36,303
E,221,69,196,51
E,298,352,391,215
E,3,119,286,349
E,254,182,432,73
E,429,414,271,82
E,159,396,473,245
E,303,43,390,331
E,159,396,15,267
E,248,372,204,86
E,196,207,155,139
E,381,460,284,215
E,362,182,237,17
E,461,210,142,430
E,98,447,423,247
E,335,279,24,159
E,279,238,271,82
E,340,151,326,379
E,82,98,430,431
E,375,437,201,493
E,400,369,456,38
E,106,231,286,400
E,101,186,167,391
E,137,433,223,498
E,201,493,431,194
E,286,349,277,435
E,106,36,328,235
E,149,328,159,396
E,149,328,352,386
E,36,222,431,194
E,160,194,155,139
E,49,462,182,354
E,286,200,351,362
E,385,259,103,292
E,382,71,168,496
E,221,343,36,303
E,378,264,440,105
E,184,163,431,194
E,311,462,286,400
E,254,182,103,292
E,433,408,175,482
E,382,71,437,439
E,139,400,167,391
E,378,264,483,265
E,106,231,337,82
E,288,326,322,470
E,340,231,188,99
E,469,435,17,48
E,381,460,279,238
E,236,444,101,186
E,179,446,438,5
E,347,303,237,17
E,85,339,298,352
E,347,303,389,161
E,0,432,137,433
E,336,461,188,99
E,86,39,139,400
E,431,460,132,2
E,378,264,157,406
E,164,21,80,204
E,458,23,284,215
E,380,484,96,390
E,221,69,135,255
E,137,433,277,435
E,198,216,437,439
E,385,259,188,99
E,108,187,28,458
E,60,13,133,31
E,159,396,244,139
E,340,231,429,414
E,198,216,391,215
E,60,13,445,478
E,336,461,445,478
E,354,187,442,255
E,137,433,374,421
E,263,353,458,23
E,36,55,86,39
E,84,487,157,406
E,35,481,391,215
E,135,179,271,82
E,86,39,106,231
E,141,354,279,238
E,103,292,390,331
E,261,432,36,222
E,351,362,152,210
E,347,303,49,462
E,60,13,354,187
E,49,462,351,362
E,251,166,340,39
E,464,266,221,343
E,44,489,133,31
E,374,421,437,439
E,223,423,175,482
E,60,13,74,422
E,114,14,250,395
E,51,181,82,98
E,380,484,389,161
E,98,447,188,99
E,36,303,175,482
E,184,163,250,395
E,196,51,391,215
E,378,264,6,457
E,456,38,244,139
E,246,213,430,431
E,248,372,184,163
E,331,435,26,342
E,244,139,430,431
E,106,231,397,376
E,225,101,286,349
E,9,82,362,182
E,175,482,284,138
E,41,97,184,163
E,464,266,237,17
E,159,396,375,437
E,26,342,390,331
E,179,446,236,444
E,36,55,337,82
E,286,200,367,103
E,59,473,114,14
E,254,182,175,482
E,286,200,104,367
E,170,468,246,166
E,231,487,362,182
E,473,245,132,2
E,483,265,231,487
E,164,21,429,414
E,351,362,344,46
E,195,443,367,103
E,204,86,341,254
E,340,39,106,36
E,385,97,24,159
E,149,328,423,247
E,328,210,201,493
E,164,221,156,209
E,207,43,405,84
E,319,363,97,324
E,149,328,60,13
E,85,339,328,235
E,276,343,336,461
E,263,353,352,386
E,244,139,59,473
E,433,408,367,103
E,198,216,298,352
E,378,264,196,51
E,456,38,237,17
E,255,34,15,267
E,328,337,367,103
E,378,264,288,326
E,157,115,139,400
E,202,233,85,339
E,286,200,427,261
E,141,354,26,342
E,60,13,328,337
E,86,39,184,163
E,225,101,390,331
E,3,119,94,238
E,354,187,432,73
E,36,222,71,254
E,207,43,250,395
E,473,245,318,489
E,98,447,430,431
E,347,303,286,400
E,139,400,476,486
E,135,179,328,235
E,276,224,304,308
E,445,478,318,489
E,9,82,375,308
E,381,460,385,97
E,0,432,237,17
E,118,210,237,17
E,400,369,24,239
E,271,82,6,457
E,207,43,328,210
E,464,266,318,489
E,429,414,328,337
E,378,264,135,255
E,85,339,378,150
E,74,422,476,486
E,135,179,431,194
E,36,222,444,459
E,3,119,146,355
E,347,303,9,82
E,196,51,346,157
E,86,39,340,231
E,101,186,286,349
E,152,210,458,23
E,223,423,482,396
E,189,418,85,339
E,0,432,106,36
E,179,446,106,231
E,324,179,195,443
E,286,200,167,391
E,142,430,298,352
E,225,101,196,51
E,135,255,132,2
E,431,460,246,166
E,149,328,432,73
E,483,265,328,337
E,476,486,284,138
E,3,119,24,159
E,152,210,24,159
E,352,386,286,400
E,155,139,168,496
E,400,369,139,400
E,400,369,164,221
E,306,361,341,254
E,311,462,231,487
E,311,462,328,235
E,24,239,109,458
E,290,435,374,421
E,60,13,362,182
E,84,487,304,308
E,324,179,96,390
E,458,23,59,473
E,326,379,133,31
E,279,238,157,115
E,430,431,164,221
E,351,362,430,431
E,179,446,223,423
E,0,149,236,444
E,204,86,458,23
E,351,362,410,242
E,385,259,237,17
E,497,378,476,486
E,196,207,80,204
E,80,204,430,431
E,375,437,430,431
E,246,166,223,498
E,13,171,482,396
E,242,95,322,470
E,438,5,246,166
E,340,39,168,496
E,244,139,374,421
E,189,418,167,391
E,444,22,202,233
E,55,262,431,460
E,202,233,374,421
E,440,105,94,63
E,36,222,250,395
E,290,435,160,244
E,367,103,28,458
E,351,362,437,439
E,108,187,288,326
E,456,38,49,462
E,242,95,157,406
E,0,149,28,458
E,225,101,340,231
E,444,459,482,396
E,251,166,156,209
E,340,39,354,187
E,97,324,431,194
E,336,461,189,418
E,347,303,286,349
E,246,213,290,435
E,438,5,231,487
E,286,200,390,331
E,380,484,133,31
E,324,179,382,71
E,198,216,168,496
E,251,166,96,390
E,184,163,223,498
E,141,354,24,159
E,354,187,202,233
E,340,151,423,247
E,251,166,311,462
E,423,247,86,286
E,382,71,94,238
E,44,489,286,400
E,82,98,114,14
E,207,43,344,46
E,440,105,223,498
E,182,354,367,103
E,142,430,378,150
E,94,63,160,194
E,159,396,94,63
E,13,171,284,215
E,328,337,132,2
E,201,493,36,303
E,251,166,85,339
E,49,462,244,139
E,497,378,35,481
E,36,222,103,331
E,347,303,160,194
E,86,39,3,119
E,85,339,132,2
E,261,432,318,489
E,254,182,242,95
E,41,97,246,166
E,36,55,254,182
E,244,139,26,342
E,351,362,445,478
E,196,51,271,82
E,261,432,167,391
E,433,408,375,437
E,86,39,382,71
E,24,239,382,182
E,331,435,141,354
E,440,105,195,443
E,496,451,272,366
E,149,328,160,194
E,261,432,17,48
E,340,151,344,46
E,474,320,397,376
E,423,247,24,239
E,440,105,456,38
E,337,82,444,459
E,152,210,385,259
E,142,430,24,239
E,429,414,155,139
E,98,447,80,204
E,36,55,347,303
E,464,266,431,460
E,385,259,0,149
E,276,343,85,339
E,326,379,327,477
E,304,308,168,496
E,251,468,272,366
E,473,245,306,361
E,328,210,101,186
E,0,432,202,233
E,36,55,221,343
E,221,69,137,433
E,207,43,196,207
E,430,431,318,489
E,286,200,324,179
E,248,372,254,182
E,36,222,397,376
